# "MSD"
0.0 
0.8916477215323217 
1.4854349997555902 
1.7335573475827275 
2.0424257903959635 
2.257823061446814 
2.495488769117196 
2.5474907868386176 
2.869805377734713 
3.103963141047273 
3.3917521829055244 
3.707235804079098 
4.082042268989636 
4.382458281358483 
4.682664776240051 
4.995937003284335 
5.213020539963535 
5.616645465444765 
5.7682407143607195 
6.184879038717885 
6.067273494626532 
6.8305419829323375 
6.351026895173377 
6.707829504209669 
6.625429679988904 
6.942440102677646 
7.411104068702127 
7.868623218864235 
8.063153451908548 
8.266299811168116 
9.759471074225353 
9.767123604607994 
9.812460537702023 
10.143431404865893 
10.846015152927565 
11.161098419598929 
11.445146483385747 
11.85231042648074 
12.062609278395836 
12.685707906894962 
13.007689189917581 
13.450402757764621 
13.246335405536577 
13.212110583807013 
13.003378371838865 
13.262604680997768 
13.883061658035718 
13.78586827422697 
14.596465954074498 
15.106395813561372 
15.357888859905238 
16.68561898708204 
16.393309544239543 
16.641292842997267 
17.785252545991725 
18.061457069109 
18.513689665895534 
18.625918479850945 
20.311271692232804 
20.966068113132465 
23.068935698868582 
23.036203166111946 
24.451546319495016 
24.776159926374117 
25.40334354292074 
27.02564501063715 
28.07870625564583 
28.769934716703197 
29.106247061948114 
30.625308402408777 
30.436998574734442 
30.466798631004654 
30.89864044053511 
31.77723050826879 
33.340801766721064 
35.082037546200105 
37.26656515613906 
37.355230191843724 
36.442721001901475 
37.64080054859586 
37.449199927438166 
39.81871964831688 
41.18742324834302 
42.855231473064045 
42.05101651633578 
43.04448026620577 
45.26214659459767 
46.40858132305342 
48.903076549373644 
51.67293374090781 
53.61563553769048 
53.735239334935 
54.58871623933748 
56.47850303030285 
54.06003526169426 
54.62896493949358 
55.29608421063619 
55.154023642709916 
55.7854568995476 
57.837448820619194 
59.721215846760806 
61.8502739899361 
65.88773096828436 
67.43481003537583 
66.35896376259171 
67.06195234828742 
66.90822202381915 
68.03888652479367 
68.27533912686629 
69.37093905344699 
72.08500259497914 
69.40177893154817 
67.63724159885318 
67.68293476007203 
67.89799105144779 
67.75008978056633 
69.4089328937158 
71.64654254229286 
72.14053488043407 
73.32745346318863 
73.60606110353343 
74.45403777391027 
75.24047055549985 
77.47128431894102 
79.64043582382892 
83.44227031052704 
85.05453531911122 
87.67265065697377 
90.64633664622428 
90.76158037240798 
89.50344752127506 
88.81914867601242 
87.14276029820132 
85.1093123605088 
87.03133772672345 
89.83532579902915 
91.11182245633266 
91.11368960425392 
91.76171021115296 
92.48182911284383 
92.30931027067163 
94.16614526514421 
96.6866250595994 
96.08597790856773 
97.97444106280979 
99.26727989282651 
99.56400468952376 
101.53501958529563 
102.08052093177712 
102.1612705367305 
104.24648211472902 
104.87710209497314 
104.5054423524567 
107.40953922036435 
111.8080836866899 
112.084903618291 
111.1102233666782 
109.95865328300202 
110.66311692329803 
111.82166019605272 
113.23785828599148 
112.7083062514426 
111.10650346594811 
110.8651540873671 
110.77760828170682 
111.5837777174016 
114.40598415246143 
114.44323205761441 
115.7711208909422 
115.38665592415535 
115.79204904864804 
115.68660687129778 
115.37070199474098 
116.38366978835454 
117.54880475250675 
118.59587565157048 
117.82268366473176 
118.69968862708697 
120.87881671245952 
120.15364485403755 
119.49797781229115 
118.65827585386951 
118.25488520299838 
117.96515510598644 
115.82669809815631 
116.56579739916397 
116.98092647562427 
115.44441167531754 
112.46165964837722 
111.83261230377308 
111.08766507989151 
110.9435824424194 
109.72500558804073 
109.70262509486132 
110.87701643930701 
112.4045668987294 
114.23840528243736 
116.34422432032306 
116.60848935494255 
115.32559603321265 
114.86813205544338 
115.2724019362705 
113.82786680943532 
111.86106248093802 
113.0667596255497 
114.2499267863203 
116.27950877728802 
115.17584275964585 
114.36314105689259 
113.28780193598999 
114.22334384606633 
116.39566392277271 
115.64821204700142 
115.95873130614986 
117.61595290720909 
119.29050927719794 
119.75465389129249 
118.16840334322308 
116.90626353945554 
117.57354777428823 
118.03374599330846 
118.2362489262358 
116.24840867001488 
113.4108441350088 
113.4939454002548 
114.02252572320576 
114.68969616748934 
114.95133357833676 
115.11450101713083 
114.50462473214047 
114.11209493683116 
112.8957634237196 
113.50637541025314 
116.64866511632314 
120.93021326287929 
122.65528684406367 
123.18018258795394 
124.31817585525037 
123.26804771245398 
122.84315669849082 
123.84975032789413 
124.28992076458844 
123.69303066257255 
123.64478254344009 
122.27498837677727 
121.32028090725052 
120.6616469558611 
119.34220972217793 
118.93961604054178 
118.19472653644263 
119.58389016976129 
120.64967976263308 
121.55169501606797 
121.71156591977251 
119.42054211621894 
120.76556795984179 
120.33037310155851 
119.91916218698695 
118.59324188426817 
119.25257015394136 
119.36877168227092 
117.18393388492136 
116.20440565796865 
117.95010061074792 
118.37027844552908 
121.71551703471032 
122.87591477675721 
122.75703679644384 
122.75912757565808 
122.49539617717721 
121.81519957922416 
122.65933660225929 
123.94325875266914 
122.67937543621872 
121.87966972357039 
124.44748712177743 
125.24040371544959 
123.79229620395415 
120.73490327364074 
118.68151151408922 
116.87665703855566 
115.66374390289248 
114.73519595964757 
116.63522017841129 
116.88319228116971 
115.84590031151275 
115.91392562021485 
116.27487504516736 
117.69295110076132 
120.51799522944047 
120.79631032462 
122.00446264400001 
123.36777024030661 
124.98216122030665 
126.82152790934073 
127.75697223765441 
125.89513725814247 
125.80335304884747 
125.04507897665714 
124.94847917680778 
124.70469638478477 
123.51258977795875 
120.4253898204558 
116.45635212404724 
114.67517434397111 
114.87181062735031 
118.24407498700302 
122.26492301578746 
121.64956549304281 
120.72270259710461 
118.17825317021347 
117.23564167758023 
119.66394271529768 
121.9425792233739 
121.84897697552023 
120.0815604778369 
122.02727514596587 
126.57515446126062 
125.71602237434544 
124.15084082453714 
124.4408228151381 
122.30440334940934 
120.76255748644135 
121.78846745165345 
120.13099862550524 
117.19600190689232 
114.79557727557217 
114.20950208391523 
115.68700324755748 
116.95726527775274 
118.93184088283627 
116.91063894251432 
114.37644505521926 
112.72496095605456 
111.62627233459867 
109.94018929119936 
109.95207843487945 
112.28912512569505 
112.82769072123702 
113.77770802838334 
114.402219125184 
114.76737259157171 
114.32438167697791 
113.95251857613593 
114.97922282351858 
116.95862080924783 
117.33313043052283 
117.0458956909757 
116.84222084042875 
117.47063551586255 
117.5471222414091 
119.1830843379936 
121.37279136128858 
121.67023661774593 
120.01392397205022 
118.92465271056084 
118.9228975079011 
118.61881510266079 
115.41639667028097 
112.44138879134931 
113.56773079870112 
114.82631774456691 
113.70137960390565 
113.91969060705848 
113.62019734784418 
114.50838205961715 
115.9679853583483 
116.28072107641312 
117.71950469218098 
118.68989591396823 
120.00764836068174 
121.67278660453228 
123.76383860619059 
122.495752519974 
121.19726993426312 
122.96484245364576 
124.72069958864552 
126.25560886736912 
128.20910108113202 
129.9054390773416 
127.55683561963512 
127.6231169745987 
125.4453202324384 
120.5044679043033 
115.93304865673996 
111.56433775527947 
110.15617690148349 
111.047633714869 
112.95116992919667 
114.05850274837546 
112.7563600508098 
114.06062942741758 
114.14843261026982 
114.55931276515875 
115.1760402252252 
115.53055076627994 
114.63230727609161 
113.52889132981151 
113.73526118410166 
115.28937180997448 
117.1382149005978 
117.47609865618699 
119.02076868079551 
119.78603985552681 
117.93841709877181 
115.0790683826943 
114.16001345062615 
115.79430450385613 
117.86698676618363 
121.03576473885535 
122.99361124573932 
124.92300478525468 
126.37404604177418 
128.99496155196533 
125.7067546257861 
123.55302607565649 
122.85919317929272 
122.18011770539545 
123.10355248971155 
123.14773902990252 
122.11666979223227 
121.1335366387815 
120.96348749856173 
123.04069195506139 
123.60862980083418 
122.60786902814746 
120.97065939322862 
120.76603951037465 
120.10295963642885 
117.94656625138002 
119.26880714210502 
118.09449877978761 
115.56879926830484 
115.41948438321417 
115.09484930245765 
114.6272321212258 
113.95505141517233 
115.17478799352658 
113.97531080043315 
113.40702599624876 
115.37894097013096 
116.30749040638203 
116.51280140739891 
116.42930430637018 
117.78481714461306 
118.42140462290219 
118.90566939836015 
120.48722044877529 
120.81898324351923 
121.93240490558885 
122.04363119763948 
121.0266341614047 
117.58490636237102 
115.83840984175795 
118.01636306531154 
120.10074191996557 
120.913265325747 
119.38455578026792 
116.94806845842447 
116.63255883128151 
116.21889510252798 
116.98425492480804 
115.54712417987874 
114.09962715706382 
112.9088633090398 
112.82590800927908 
111.63563361506195 
110.04110936109731 
110.894299670778 
111.84325324812158 
114.21070476286106 
116.13181231991773 
115.96340420574033 
116.08222674247145 
114.5102031883661 
113.64433710845273 
115.82319781205088 
119.76170139837312 
122.12052758365805 
122.47712989419361 
123.17402548900463 
123.77301870824797 
124.28421155636977 
122.5859289009753 
122.99984603786285 
121.64885626448859 
122.06330372975735 
122.00237044825077 
122.548525303797 
122.15749762089573 
122.41099338607316 
121.30230900893767 
120.3356378455266 
120.13795014224955 
121.18351465568942 
122.21374793955941 
120.90772862810252 
121.70277170048324 
120.40266231620099 
118.40893799098222 
116.82525772021296 
115.26363062541212 
112.78428558217675 
115.13986820250281 
118.26079015670959 
120.24609172337746 
121.40297435842001 
121.08911231500711 
120.87499727805434 
119.90036468943417 
119.14874829960206 
116.40397543614827 
115.37345430400002 
115.82488851077852 
117.57173736251426 
115.89214248107928 
112.82135841332396 
111.81015863314411 
111.09241082077145 
112.65969348896624 
115.8680658047407 
117.97992220028961 
118.99593731432309 
118.9337782438622 
119.953168174117 
119.96720647872344 
122.0343415821129 
123.28607357794948 
122.00371717350151 
118.83638477399147 
116.49624956946397 
115.60956630943004 
115.0273119086356 
116.17989861964729 
119.17141177535987 
121.64501737891035 
121.77754412238798 
122.4079230446842 
121.87317332026626 
122.46847724284835 
121.69251392791661 
117.71230108677558 
117.10575920902019 
119.19274073858408 
120.31387009114911 
120.06148818452344 
120.3920969890773 
121.37451539853228 
121.12737778284816 
122.86831053051382 
124.36856014226048 
126.60750413816659 
127.69211975748792 
127.56292938114784 
129.1367428189212 
128.55888591311472 
128.23537955773668 
124.79675540134097 
123.58661071305899 
125.04636524202733 
125.99533594878606 
125.35076567569858 
125.72665805841258 
125.74916047516024 
122.99875347633903 
121.35779029861318 
119.30050957108203 
115.59343205504011 
113.06695964415698 
115.68939647011477 
119.17341276233556 
119.16335727855112 
118.85902689633903 
119.33898283268447 
120.71678018015909 
122.7228691351524 
122.89640218548368 
120.62694804085646 
120.29063638439368 
121.51321023702012 
122.70315737900557 
119.63773817306617 
115.24391574194627 
111.50241121430955 
110.95979779205021 
110.08777944385739 
108.81842080325302 
107.59553370058846 
107.13261660455767 
109.50351017991146 
110.29264448585579 
112.16523064432367 
114.13400006448079 
116.82884608103107 
117.20381680687063 
115.76999579628746 
116.1220146522196 
115.42690564942369 
113.06704907307567 
111.39856705066715 
112.15597933341485 
111.80424016921175 
111.40139049425935 
112.27066750180384 
113.30468238272752 
113.89308087504672 
114.42545617750497 
117.07112240565642 
118.92567935986874 
119.46477301583975 
118.93573762948736 
118.43180009139384 
117.3868802115802 
115.98361473245188 
117.35935358257723 
118.44128995204524 
117.52941014954976 
118.57499208610456 
119.22129182410575 
118.95092769876938 
117.3590076533458 
118.45139935539929 
118.2135462417868 
117.5310915917807 
117.15238674033158 
119.25673179182706 
119.70005908598414 
119.01693935013655 
117.57766535752307 
115.12225913849396 
115.93462054215365 
117.37402814580857 
119.06302123391846 
119.03608185040632 
118.28882869696422 
116.51013389460344 
116.62235223727222 
117.56209810303626 
118.41653166183224 
119.72612560843079 
120.05258512053491 
119.6996585345531 
120.87616954700795 
120.34989620600443 
118.4829813399371 
118.68782508138253 
118.79843745718513 
117.88495548867922 
116.07399565869038 
114.73600253679709 
114.60828742079093 
114.57624608013914 
110.81619801656586 
107.68168124784066 
106.56369217213138 
108.4814669050273 
110.63839285329537 
110.39992370628619 
109.95895611436518 
106.74422407313796 
105.27353322253069 
103.90939184541043 
102.6505344467811 
104.63875697015771 
107.24084846099963 
109.11715507392661 
111.6641486776455 
114.86287279506205 
117.04975409406808 
116.66864394176497 
117.97357618970187 
118.21609719738044 
120.2561518555792 
124.11388511083217 
121.82947363630244 
119.80983526716828 
118.33642239949658 
119.71851765800415 
121.18424653913253 
122.29887587694247 
123.5876930551949 
123.29243877325928 
122.17614663583014 
121.93424558555998 
118.82231558534696 
116.89914307195154 
114.85729818741991 
113.93520195292623 
115.02840566211546 
116.11548519440925 
116.72555944501488 
118.50337036591506 
118.09228087964482 
115.01390642121818 
115.2872786668088 
116.30642691710925 
116.3109811673145 
117.51327035327049 
117.50729916901383 
118.04680546352735 
117.34663148203242 
117.05132054817405 
115.21363599695098 
115.32722186475597 
115.84050162753663 
117.32789431001923 
117.784062860445 
115.59553904455073 
114.99663075971318 
113.96075272281628 
113.70011605747061 
115.21158798529058 
117.19592462630663 
118.01808142317489 
117.74990374375916 
118.57353569159174 
120.47395479107132 
122.09798885231112 
124.50391598182729 
125.58491984015299 
124.07881750589013 
123.1304228174505 
122.23955508590531 
121.25871306796705 
122.89341878576707 
122.10612851249495 
121.35821202406775 
120.77031357793005 
119.22047047533394 
120.35551444934399 
122.64225557461725 
122.52870442927194 
123.28981866914955 
123.87177116468357 
124.54945452007667 
123.75048204045567 
121.63992063968229 
123.5564394459374 
126.13547994630201 
126.56551667922358 
125.05818350081579 
123.88267472069695 
122.22466243747267 
119.70852525864746 
116.31047017388657 
114.94020876974598 
112.42535949032406 
109.46049960375173 
109.33242940924698 
110.40132194419999 
110.06559429319971 
109.66886164740538 
109.98798748142863 
110.48916340746118 
111.94723134083819 
114.35514749234811 
117.59702850974975 
118.60204062423328 
117.32738095689344 
118.21326604738161 
118.58076236859135 
119.55761762767858 
118.35390064838212 
115.81117463610019 
116.0728010894164 
118.63127807630192 
120.9949655211128 
119.91353083747607 
117.90389971570177 
116.84401144344871 
114.44686286520891 
107.83117729413586 
104.70940011199453 
104.6054032665624 
104.00591584872707 
102.72906072567415 
102.7646119624824 
104.50453531747176 
106.3974396128666 
108.42959967324786 
110.80612752601988 
111.04949154403485 
110.09460244313347 
109.58918572752073 
110.85766959594166 
112.95026915237553 
114.20833886842668 
115.50843309678173 
117.58074820719611 
121.03815600673694 
124.28818559332304 
127.60527624743565 
126.29626219142223 
122.60041294732989 
120.45052920556394 
119.31443392958532 
117.10154532885942 
114.07935686047243 
109.52126480411998 
109.04905202273521 
111.7001062681428 
114.84371418460564 
117.89070925188042 
118.06439011980275 
116.55238177658785 
115.78097030745272 
114.43637603770897 
113.77573929935564 
114.02864581889385 
114.05564899790521 
114.34156305181307 
114.63362447891376 
114.42669253303526 
114.78559515156503 
113.99828792620357 
116.28512602341307 
115.35332133352637 
113.35179479393057 
111.94071991866939 
112.60582292573385 
114.16608761505752 
113.44357316650142 
113.17680859163153 
113.03990739643393 
113.56980202885181 
114.0134826360093 
113.921851864232 
113.22946833113782 
113.02489040148826 
113.90698704976026 
112.9025463219962 
113.36068191503081 
114.86176881287176 
118.02663807927216 
118.75456828065333 
117.2021241126292 
118.02979603475181 
117.18080327344332 
114.8340721828724 
114.96671588038944 
113.54482706134259 
111.06547898042824 
109.96130407583667 
110.50301822487641 
110.99232395314166 
111.7098003423092 
110.79067803880423 
109.53220015545949 
108.16467094667566 
109.0091383150045 
111.25030894489285 
114.00482262477844 
118.12354104499771 
120.90982215956856 
120.94879390488671 
120.82998557256694 
119.3777566669879 
120.29846776135213 
120.02898316822018 
119.16944726908675 
118.91068715525844 
119.64831929428588 
119.91411447525367 
121.15194562473934 
123.75748062086608 
124.59065134120704 
123.62797567633801 
121.12879822951511 
120.70803140510961 
122.16126545284862 
123.37948084546122 
124.37148249905059 
124.37840681147429 
122.9172197315553 
118.85610582366243 
115.84474581618302 
115.92683827544413 
117.28668397231122 
116.61706181580982 
117.18489972474381 
116.50028487643068 
116.28228645912964 
115.98020182922698 
117.25741743841833 
119.29074955297197 
119.14662971803261 
118.45586262314256 
119.17048057544483 
118.68687951882526 
118.59544314115114 
117.26680463842254 
117.5366708648017 
118.5278867177996 
119.1820909381193 
120.377007167912 
120.00385287687834 
119.58745336215047 
118.39762515457198 
119.52690825410689 
121.09672002238072 
120.09510127138468 
120.7343314840895 
120.76943669732157 
118.63390293239277 
116.7366762122167 
114.64962333133786 
114.56550677594345 
116.17914766390064 
118.29955703596004 
118.87805193871357 
118.93944178545743 
120.51370934865749 
123.68407686663464 
123.14699496985497 
121.79628560137644 
120.7314079585345 
119.03421772572754 
117.51497590286216 
116.44296474464689 
117.70767716176658 
118.35062241841035 
118.46361877718722 
118.2785224431665 
117.50900188348933 
116.36662098524414 
116.43156479981222 
115.87197369115347 
114.06132713783651 
113.4384313647696 
115.06559265133046 
116.29176127088219 
117.60930903576963 
118.64923979280336 
118.31428121627856 
113.72855679548579 
110.35801249869577 
111.31500220635466 
112.78163111869033 
112.2397528971388 
112.43469417991584 
112.23607595612623 
113.29409680489391 
114.83356989916398 
113.72191703629551 
115.95985208637133 
118.95530649896475 
121.22909777206347 
123.628072638276 
123.53573845690107 
122.35317710291132 
123.72266495119662 
126.85792344266713 
127.95063489980518 
127.61118676269925 
128.53228481746802 
130.27738366673816 
129.67239962095744 
127.99185574464504 
128.28845390806862 
126.99633811144255 
125.5462399580499 
123.00898962082213 
119.7197038296102 
115.4533608007676 
113.74324471355642 
112.70309502082063 
110.58900694249897 
110.06673498395627 
110.5331280143066 
112.00013261216814 
113.58987971686972 
115.73371093156561 
118.95099961001495 
120.11071687783263 
119.75084745134258 
119.82044874784327 
120.69000887457975 
122.04997352537146 
119.64148988667942 
118.22999834021451 
119.64528050583286 
121.11963368839979 
121.58975678199786 
119.68142099404356 
115.53460887910794 
111.49475039559077 
111.92599779677099 
112.81941522927444 
113.1700114013131 
111.35313827165832 
109.08520604228063 
109.25963568200632 
110.87604253951785 
111.21332229458955 
110.82944432331622 
112.42214247977704 
111.11588636867718 
113.0038674709311 
115.85638224327695 
116.50605357605264 
117.04894282161555 
116.69676687615998 
114.50072949172043 
112.5182462498556 
110.9623783261983 
110.73719169448398 
110.92308742823538 
110.10567194106042 
111.70156840010418 
113.4321474455171 
115.04555732152205 
115.49058498006694 
114.48640303062415 
114.17829706070758 
115.53322526702448 
117.1652788433006 
120.3466635547508 
121.7782953163227 
121.71342782245577 
122.16938864778074 
122.71586024148986 
121.4297526106835 
121.9373230164565 
121.6886376768431 
121.04332189957003 
122.39433250671546 
124.45923644302277 
123.28961990012543 
121.17099608625043 
122.53953212762562 
122.7541353435281 
122.6084945410899 
122.02745898069318 
121.4823346888136 
122.59625961483262 
122.671100145818 
122.40219222776923 
123.87308445114799 
123.75264972217846 
122.9908937453852 
120.69347124411252 
117.74302632884 
116.3308398644133 
117.32898889624097 
119.79897504036535 
118.21918774420718 
116.7675122235222 
117.57168094847991 
117.01940759744035 
117.62385120681395 
117.62401991374166 
115.65162575033868 
115.55676160742483 
115.07750481588681 
112.1858120934201 
111.81138610243097 
111.49837084180528 
111.13559188641379 
110.31585787052866 
108.84203996521174 
106.92680395464947 
105.87397609741677 
106.93338551911263 
108.90035015013059 
109.54500920788257 
108.8048045294576 
108.5250406688794 
110.15525572604432 
111.79020914469987 
114.64035758683991 
115.59627735537748 
116.80129803900954 
115.45665671077887 
117.59198076082917 
117.53989706593254 
118.9362726399003 
118.1021968423698 
117.00234631511304 
114.4092418225858 
112.49932613195654 
110.66448914833802 
110.02731237034716 
111.09891634432634 
109.76045018080315 
106.25794123756044 
104.89947356855087 
106.4562523807989 
110.1031518070007 
113.7817642042445 
116.16974542775614 
117.59305003350039 
119.41003408773084 
119.84501295438162 
118.44619465511357 
117.96418739678509 
118.03729177239508 
118.32450103742704 
118.4058148549528 
118.15123250736418 
118.07013909828292 
116.83302717067969 
118.32119505386429 
118.25816093662688 
115.4312207240534 
114.71831311112567 
117.48654215020083 
118.16263227050985 
119.3271495220317 
120.20746884503086 
120.45774657795276 
122.83982742504959 
126.27582516993083 
128.10906524929393 
129.36951036804578 
129.9971227859023 
131.22526239914825 
131.14719913687668 
129.8514338775251 
127.82163467343584 
125.25397686666552 
123.07339653824334 
123.63519911243581 
122.29823266284062 
120.92435006846057 
124.18519485539997 
126.29491751341386 
125.9823769778903 
125.24341785868552 
124.5632429206464 
124.97564557565174 
124.00491816383055 
123.28270648088804 
121.26005029262245 
120.61448370450091 
121.79747464622064 
124.43016222000188 
123.89465059278261 
121.1583348416793 
122.29131506065202 
121.27524208265089 
120.86472897645714 
121.38695030012198 
119.79258410320523 
119.12761571386243 
116.78317826247503 
114.54504169727201 
112.67568409208421 
113.29224859839053 
114.3640142813221 
115.68657859612341 
116.20830914476275 
118.67791574348477 
119.75035243548048 
118.22842620889998 
116.92149784421977 
115.4935085145195 
115.24300570333462 
114.75322768505133 
116.71444120272793 
119.82992831978864 
121.3801233938796 
125.13865243039585 
124.22993363487679 
121.29464236885111 
122.25387994114756 
126.35520730845779 
127.23375381493658 
128.63798115097757 
132.15025517584837 
132.30425724835794 
128.69972097224166 
126.29964000339345 
124.96679173883352 
126.41215149258417 
122.31605286185635 
119.83401915790994 
118.38560252982252 
118.74939936562575 
119.91831363127142 
118.64720886018722 
119.47360069821904 
121.58870526263185 
121.31247117483996 
120.19323168679949 
120.38515358666848 
122.09401415139992 
121.35751960428792 
119.49962114463615 
116.533722532107 
113.56553163316559 
112.19791570961331 
112.5719723284251 
112.14233599005742 
108.03718920524469 
104.65466059279898 
103.01715952787254 
103.33920277470104 
105.50565874924865 
106.26430607145072 
109.68443464160536 
112.32222589334135 
114.6403477503277 
114.74511937151823 
113.39705269304875 
113.00593777195157 
113.42365599179715 
117.98776465043022 
121.693092704819 
122.6444159414464 
120.63160653365418 
121.47754262254169 
122.88749274036897 
123.75013377076748 
120.92407233184906 
119.7838307715921 
120.37180746153057 
122.39980683994816 
123.20402364443747 
124.65786331408269 
125.86864404122579 
124.0941381922383 
122.66431055433411 
121.02759106890878 
119.16446985491231 
119.7750834677066 
122.80200663017898 
123.14552453521243 
124.14717248541162 
124.5410160062495 
125.7051200058487 
126.15525580131532 
124.58829518702008 
124.69219096068852 
125.55134034617683 
124.73136302491706 
124.01281176071204 
119.92983733405852 
114.07384850301534 
110.6511808203504 
112.15549903208752 
114.6817953183063 
114.80987894737892 
117.49572953429039 
117.67909949256061 
116.50714905393492 
112.97849122201363 
111.36743312738581 
112.97962448339109 
116.5265593010289 
119.26340650141331 
120.71577205962467 
122.40706169893281 
122.15363359382627 
120.90059173835856 
119.39290880422465 
117.51928634401355 
118.72461716943542 
120.28707911467174 
118.13223376393637 
117.7200014867675 
117.6600467997862 
119.50433392292283 
121.00919807888124 
121.71866911981863 
121.4850958777088 
118.4741737514309 
118.14991528698086 
118.97548349509346 
118.42682315339864 
116.29251314043678 
117.989456452856 
120.88163714069827 
120.40399448690748 
118.8896461816147 
115.57377841972317 
113.80254660411491 
116.74251464814995 
118.2363577360538 
116.57275531862494 
115.18805030215623 
114.66513518974031 
115.34891356706535 
115.20237985536754 
113.10248012849536 
111.01718218088781 
110.07005240978994 
111.87381934359739 
112.7138294070998 
113.17994611087302 
113.9194946227958 
113.96060843992116 
114.3147585872755 
116.69237630096967 
119.09309563229421 
119.82146900947194 
117.18094047795712 
115.54994169298081 
114.57443373362447 
113.18602347280233 
113.35989597342666 
114.33293031386329 
114.61712366471363 
115.41882247432146 
114.53316563582679 
115.91332244106391 
117.21827686022651 
119.08673238802042 
119.2459962133413 
118.53003014967014 
119.16238094263981 
117.41648299384879 
115.59159381566555 
114.94582537462672 
116.95976752060209 
117.38557852259073 
115.4325905868302 
113.41295857844588 
112.37713828966814 
111.95693552497487 
112.72038582656151 
113.12884050990269 
110.95408453141789 
107.93500046598412 
109.14710193343657 
112.32088606754485 
116.09387656304328 
117.14226436379826 
117.77279860766735 
115.7800004561799 
116.80382788126639 
117.1888228962147 
117.90721444964917 
119.47145391702615 
118.99750341912338 
119.04010633257609 
119.95660327724936 
120.59843714088429 
120.70521083528692 
121.0266601969832 
119.87268142221811 
118.49197236575964 
119.63088245513858 
119.44916663644932 
120.09451266836713 
122.74578215258734 
122.20679861610806 
121.07186169063083 
120.01342377519359 
117.48701521144568 
118.20677832271856 
121.70669867051487 
122.60119395589557 
123.51612518254649 
125.9396320804318 
125.38439094380385 
124.77276822188244 
125.27177191531345 
123.96476683326907 
120.65625002796733 
117.67487934627418 
115.07373543108773 
113.82154732576163 
113.26722888790081 
113.33999392672463 
113.31742697265958 
111.23568561449038 
110.5329494411952 
110.48350887452649 
110.44991150292026 
112.46266779533893 
113.34721979047133 
115.10938803632435 
115.11159552204793 
114.1217084451648 
115.77743885131726 
115.1306417236656 
114.58476409334574 
114.71342967658126 
115.11598765041677 
115.66616070622761 
115.33419557657996 
115.58401462359194 
113.3328582529641 
112.35579180864315 
112.34659508406816 
113.11558519483421 
111.69229297199638 
110.35548832432433 
110.93013902546475 
112.33920287239759 
113.59937258281407 
115.96228853389782 
117.01254556030096 
118.43582073250866 
117.91993464109312 
118.61493717175308 
119.1363111920241 
119.76079056079728 
120.04560208463081 
118.61272800811251 
118.47677799322817 
119.22526036422143 
120.79145450406638 
120.58673843938082 
120.36722897730313 
119.43662188293084 
120.09897149125538 
120.6819992812887 
120.95745664143803 
122.7214508337301 
123.76438873060333 
120.82077460672762 
116.48489347175179 
115.14776590637179 
115.60006408252072 
115.96606711592655 
114.90516468047922 
113.43954047795935 
112.89267282834165 
111.11311577660047 
107.05293208531023 
105.40157752525906 
107.17745631651084 
108.04320960249 
109.58126096203094 
113.55482069487732 
115.95792919955485 
117.12213471896358 
116.86514026655016 
115.52064771198296 
117.33093554983174 
117.76529918887874 
117.17071995982312 
114.91722114799407 
114.72045235807508 
116.58933898083575 
115.72074063102298 
113.86566187211272 
112.4340572219803 
111.92332533886096 
110.93152974893061 
108.52040315640606 
108.79208984530878 
112.15225298799591 
114.78529171094597 
113.77403284324112 
113.09094949153656 
114.34905765353548 
114.54411137763277 
115.19835226494652 
116.28607902717322 
115.67125174262465 
116.70499206807787 
117.23285086508903 
118.20269627039718 
118.09968680886868 
119.3823655768933 
118.9588348023028 
117.70401216552403 
117.4805266949803 
116.15817157045264 
115.85769028990941 
114.42859147960291 
113.19369344863075 
113.17451447041714 
113.08878916798122 
114.3470908568378 
113.92848901719866 
111.24797373812007 
113.11761790222461 
112.37262309138066 
111.73235232432816 
112.06734893468386 
113.88310505829912 
114.93698998381076 
115.58221963939471 
114.31688850792159 
113.79164341136857 
115.00651940769686 
116.02694568666362 
117.51812646775494 
117.40389838618081 
117.12021052989039 
116.66786259095272 
117.09891416759191 
120.16414263782588 
121.02007304711124 
119.74412265816515 
118.46349360151392 
119.04505306326087 
117.46563284860295 
114.89616336162528 
114.53739978442167 
113.70394490824364 
114.16187267171328 
115.01490092857632 
115.56599846365918 
113.36151658617463 
112.26812923111973 
111.40650263444819 
110.65285046297487 
110.91381023807496 
111.40870399897057 
112.95043444048085 
114.0132012027403 
114.23934271223617 
114.53552574713832 
120.19945618976745 
123.19555853813092 
122.10740674765624 
120.74166626625322 
122.03362070263259 
122.26596663211573 
119.25935992327811 
116.16057842438624 
115.20854515467323 
114.83694437201206 
116.64415354868734 
120.04917954372031 
122.22568256972484 
120.073559143055 
118.63747476082214 
122.08732469142505 
121.47783435713345 
119.48720624236115 
118.03872097940668 
117.50807546023367 
120.20238346428933 
118.90503086797553 
114.94729809413877 
116.42764640791543 
118.6175479313827 
117.81319480424763 
116.69416990831841 
115.87972420911989 
115.40938321700015 
113.83721605636616 
114.84610590016415 
116.02159925824462 
115.76709817630739 
114.12097329394216 
110.48159510202017 
108.6711117222626 
108.48169294892102 
110.99868041704913 
111.60235429779496 
109.66241912506213 
108.54819147094477 
107.04471993749183 
107.2455001897292 
109.19890255518158 
108.33213611756088 
108.33114940685078 
109.39016470915381 
110.637142298595 
113.90342533518697 
116.38537064759285 
115.47514315319273 
114.82739079071628 
116.26368783820533 
115.70410836227899 
113.75109743763547 
111.11162008191113 
110.4414833904077 
110.87338989461747 
115.31799946354776 
118.26222471257731 
118.23283620660136 
118.76296947369941 
117.46412125200239 
116.17202930390906 
117.4050146119084 
119.4836635493235 
119.02264251643028 
115.67569281884595 
116.08976267991102 
117.0375563693716 
118.22512222645403 
115.34416858083404 
115.45721974459919 
118.62669320745896 
121.67097385512919 
125.68437558009865 
125.07992250641807 
127.08436926347862 
125.64235981594324 
125.22599254722202 
127.66482863694503 
128.99379246519322 
129.42232826281463 
125.31076323793795 
123.54896097588029 
120.99359511321713 
118.10059476936624 
116.53206892903576 
115.24769758681573 
116.19534418967356 
117.6004815896546 
118.26418114005466 
118.95283092957453 
119.19464239318538 
116.66300374703752 
114.7134385108401 
113.26428969416453 
110.80714321535069 
109.35921316632775 
109.40093697080455 
109.13058106604345 
108.4886507523135 
107.72045584070844 
107.07668392295858 
108.61947986690576 
108.99930749506527 
109.93137629021953 
111.45592229553685 
111.64174364888495 
111.35516822291488 
112.89725151590123 
117.31634551595246 
119.73709846904953 
120.93585381327996 
119.25402954324998 
117.5455758630754 
116.84157835883778 
115.97980684898106 
115.87041964905214 
118.5366300742714 
118.92819907611364 
116.5733074189506 
118.28405587718328 
122.81595406732555 
123.70543247745685 
121.02462303312637 
119.22369501193981 
117.64245470232473 
115.72170769736518 
114.84852087617227 
115.91776636247727 
115.84620982794637 
115.7747017938732 
116.64726315845152 
116.78280038777372 
117.40236422355774 
117.90816052713157 
119.14684652769874 
119.07232948516675 
119.72360450911998 
118.6928376395292 
117.41813536508963 
117.74194101043283 
115.91123166136532 
113.3589910619047 
112.77779838381878 
115.37608395372244 
116.24035720490772 
115.79307551094509 
116.94511568983222 
117.98805700420523 
119.83726024459071 
120.37016146622742 
119.06625945314312 
117.6820817131842 
117.39889476590122 
114.23870443128031 
112.2239560112929 
113.40639774335622 
113.16715304994942 
111.30968494331741 
110.56690418875215 
109.4592720099648 
108.70503040611148 
110.70733763691857 
111.64939180963884 
114.1219724795387 
115.93264290378335 
116.75424576458529 
116.80519333292877 
115.98206652148622 
114.936650962551 
115.54189874947775 
114.69198175258606 
114.8766628808763 
113.18954011127201 
113.0100829259374 
110.00157913952692 
109.78164090334606 
108.05542727933907 
108.32604204467003 
108.71668987419378 
111.26975940844488 
118.1165470464204 
121.56398378475345 
122.03337605579875 
122.29006462916868 
122.26784996924283 
122.10371501960196 
122.1436298967779 
122.23879918845518 
121.31062857045687 
119.75005579599546 
118.51631470925385 
115.73385087839024 
113.49939440912598 
111.61770334815984 
110.40689275950973 
111.9013812648046 
111.66373546109833 
113.96195738873091 
118.97989128338536 
121.564550991141 
122.68229249159188 
121.7240619144819 
120.8094049039593 
117.95996327945738 
115.9640807013401 
112.88502713561809 
113.34526412405297 
114.53945347591545 
114.58843576713386 
114.50279224345692 
113.26957007506539 
112.81070317495518 
113.21008707276863 
111.35982435812151 
110.55905764528902 
110.32838887951259 
110.69488846691381 
110.13402789914753 
112.94913421302154 
117.02852612479828 
118.39428317442535 
119.99603799176927 
119.8176682861396 
119.23068016245921 
117.96290474330306 
117.41664780409427 
118.00015617370104 
119.1197330042649 
120.99633959400668 
120.26593411469912 
119.53387363618877 
118.97683911159135 
119.34640986140106 
119.10613918409003 
120.45866772196857 
121.35998841926236 
119.97631410848899 
120.28282967396791 
121.8531169233438 
121.24861538824086 
123.08851851453437 
122.46970738779999 
119.32071254991219 
116.95307631361568 
117.18822717640005 
117.11802556488847 
118.04351892949019 
116.74005472501166 
118.47310933955187 
120.84319400461075 
121.1970136442975 
120.00250149920183 
120.40589514491103 
117.43449719889495 
114.56417034678121 
113.893193829975 
114.19334690095896 
113.57645519465474 
114.60833831951707 
113.50701807773127 
113.28880269133526 
112.78288013923093 
112.87786812854503 
115.29063310732792 
115.92237812056148 
115.87690928640792 
117.99385282447591 
120.73549119564726 
119.59812732321228 
120.02771128494926 
122.1577751751501 
123.32333103693836 
121.57853480620352 
121.10079299472088 
118.13213155518926 
115.15676477875593 
112.57405370396022 
112.12556413030964 
113.12322093791963 
118.15171608931774 
120.27427733721125 
118.04639970882356 
117.75719774872867 
116.46153506837433 
115.2194271252163 
117.23308252112801 
118.69413715544877 
119.71797629921869 
117.58124834905672 
118.57754588603645 
119.42914285338881 
120.73505404452686 
119.9489355692975 
120.4056382761579 
120.61884058698645 
121.32148112730995 
123.67757399603424 
124.62847912805327 
124.7541978382577 
125.32734531910704 
127.16802463365936 
126.53748458810105 
125.51540634751684 
124.74327879099073 
125.79015022867252 
124.1122306837599 
122.10485107357518 
122.57004095536935 
124.01195842503496 
122.9681222794139 
119.58260014497513 
118.64868943829352 
120.00735828727207 
120.5840689576793 
119.11783726362992 
119.33919860128833 
118.50130812764962 
117.68369566165805 
119.20469645032139 
119.79710415549224 
119.98986026928314 
121.08940735058219 
122.37061460755494 
123.507661985319 
124.0755326706095 
121.64590728914519 
121.21125933069352 
120.31538794129689 
118.16118087974098 
116.91103096005477 
118.04366860658796 
119.94719932326996 
118.9944210872128 
119.8188467369121 
121.20413221786893 
121.7338454772808 
122.62493234385687 
123.51800620971575 
125.13949070029567 
126.725835209531 
126.85077599787628 
127.2398851181131 
124.82104507349652 
121.57528987794154 
119.20807421125691 
117.34404089010783 
116.40071584422319 
115.15070914929302 
114.7665325004723 
110.98244550465319 
110.01657592586407 
110.93167392716272 
110.57885107462224 
109.54927177331695 
109.96203609805077 
111.81510670174642 
113.5558206255968 
118.45230472486844 
119.3302590089653 
120.77290567520264 
119.34563352522119 
118.50556996901712 
117.80541372747987 
118.59003381311285 
119.12437360419526 
117.96729354199176 
118.3609608391111 
119.54878225462313 
119.49573764367663 
119.40752704657571 
120.01723191218962 
118.51398988182542 
117.31680237309601 
116.2976975626378 
117.3027664327647 
116.35098947035661 
115.19843175509683 
114.55816191925416 
114.3576538282324 
118.42555477468022 
117.4147707257897 
115.57539024652772 
117.65946846114312 
118.59419763658485 
119.79575599414841 
118.15690369375136 
116.19091017552017 
114.70524375536232 
114.12101041328218 
113.10390552014336 
113.52132311103969 
116.90935564405765 
118.21085704348296 
116.24336191422503 
115.40943820119517 
117.05008992764499 
118.63155929152477 
119.70287690093562 
119.00658046139127 
117.21608499956028 
117.83379664645969 
116.8524186791417 
118.72169588411309 
118.67410166854448 
120.0274252753445 
120.68555262646939 
119.59356448578306 
117.9010360471456 
116.07164701219278 
113.79145280906667 
112.42772451991951 
112.49962927829618 
111.25624938933946 
109.27386202123655 
108.46983921901672 
109.83099029415284 
109.86692082842349 
108.73707105703971 
107.74231530115618 
105.42458366003908 
106.1647045840951 
106.31999055504266 
105.93837550286199 
105.0123342217476 
103.16466673908045 
102.01524802424142 
103.05343001292533 
103.57009038448186 
105.27552561506548 
109.40794834822134 
112.69883681825249 
115.09927204142669 
114.97284050218431 
113.50511331852294 
111.90230481512614 
110.1596080929165 
108.53071851154964 
109.09180870623221 
112.33080646855318 
114.21085431234539 
113.96159664438132 
113.22263433674914 
111.8329135184428 
111.99105269114649 
112.70400168923992 
111.91102805285698 
112.73103563576794 
113.78509512618584 
113.52563258770995 
112.04204257754242 
112.08528200655134 
112.31459390180517 
111.42845334113365 
110.69822619953266 
111.78916306409067 
114.78946066896962 
117.83125976255509 
118.70263227065794 
117.09908812977122 
115.53464144941249 
113.6600641572029 
111.22722423072662 
109.67196248447802 
110.15443930047307 
109.93810343367926 
109.3199598764954 
108.52116102224034 
106.93501365910103 
107.63377217243044 
106.77236746862197 
104.67914682641694 
103.43806715823361 
105.12768894919081 
105.49850417636377 
106.29404116779187 
109.24241949164336 
112.1569073613688 
110.06324416019133 
108.22198896499467 
108.18569032789516 
111.84633195065312 
114.56358774100453 
114.89651306525462 
114.85111810300668 
115.19045338788067 
116.57755121001021 
116.33955523968861 
114.47983944409162 
115.58079608684507 
115.4505914078325 
114.2878006433282 
115.11935972035104 
118.61588279138707 
122.54368106961908 
121.61902251129447 
120.67567592928914 
121.57782578825746 
121.34869875729036 
118.1761710401973 
119.07460080632673 
120.51041317742771 
122.1805729904515 
122.70776135666777 
122.08545152532412 
120.10751783265476 
120.311858081295 
121.48486112012846 
121.24081012608349 
120.57829573541208 
122.6718883172709 
122.38893496542224 
119.53180590268443 
116.65839071132149 
116.21191604276098 
117.4014678554128 
117.29582333696827 
118.90650682554207 
118.87097559892327 
118.98865487985671 
120.50188998787662 
123.40975805322702 
123.60318324492152 
122.6790423857294 
123.18326668460216 
125.69246635925447 
125.8934812659384 
124.04487346805635 
121.89994211682212 
119.95856948187027 
119.40523283013557 
120.01659845921118 
120.58091707261504 
120.45960502336287 
119.19888610868021 
119.24380574644628 
119.18179789107074 
117.84640436547163 
116.20405732572601 
115.91006381762479 
115.83470334536386 
116.47769489235158 
114.96162714367809 
116.43161828264546 
118.55359565429205 
119.86411094860657 
121.01782891715614 
121.03574674591121 
119.94352151041234 
117.92896112744097 
116.21336626514174 
118.41667100345627 
119.21232440701999 
118.41632438916095 
117.6661302516812 
117.99657736334035 
116.42461172944613 
114.75585141218572 
113.00202182994605 
111.83291191005397 
110.10968203252905 
110.6351837262216 
113.88171829293242 
111.9289627485208 
110.55161654196725 
109.07325369198371 
106.72069936126414 
105.11298497639162 
103.2946684416886 
103.16423359580125 
105.30882437063222 
107.90596686339677 
110.56090928375512 
111.41986008816176 
111.77129273341308 
112.77647589825378 
113.44123190246786 
114.7443870232935 
116.07964167247496 
116.67272234974344 
117.00023457997119 
115.76594151811649 
114.98719333841507 
116.28272558527453 
118.30667013672745 
119.68130426789313 
119.27888312176474 
117.93629244689551 
118.11334182934155 
117.8398679769459 
115.94255559125838 
114.08931846445635 
114.77664772196101 
115.78999899525355 
116.42962206291634 
114.7119862199448 
114.7312740996912 
113.4192930812276 
111.98961754439462 
112.38550651871685 
114.5890818821307 
116.29163430668675 
117.18906055587077 
115.65803873396162 
115.42400449234275 
115.61720434010655 
116.40922343445808 
116.24549927390626 
118.79608052888268 
120.72352855653969 
117.29522529905823 
115.43743620201774 
114.15663235262276 
114.11040406028796 
114.6894994274695 
115.72314189918205 
116.63264488784543 
117.73266963272395 
120.44625893126901 
122.42745963269381 
121.62519878932844 
123.04711922766624 
123.02883473585422 
124.00455377131686 
125.54607506506963 
126.55035556409305 
125.58285164698967 
125.79111575081834 
126.69958445729095 
126.15006073322311 
125.18921717714069 
