# Radial distribution function (100 data points):
# "Pair separation distance" Li-Li Li-Sc Li-Cl Sc-Sc Sc-Cl Cl-Cl
0.05 0.0 0.0 0.0 0.0 0.0 0.0 
0.15 0.0 0.0 0.0 0.0 0.0 0.0 
0.25 0.0 0.0 0.0 0.0 0.0 0.0 
0.35 0.0 0.0 0.0 0.0 0.0 0.0 
0.45 0.0 0.0 0.0 0.0 0.0 0.0 
0.55 0.0 0.0 0.0 0.0 0.0 0.0 
0.65 0.0 0.0 0.0 0.0 0.0 0.0 
0.75 0.0 0.0 0.0 0.0 0.0 0.0 
0.85 0.0 0.0 0.0 0.0 0.0 0.0 
0.95 0.0 0.0 0.0 0.0 0.0 0.0 
1.05 0.0 0.0 0.0 0.0 0.0 0.0 
1.15 0.0 0.0 0.0 0.0 0.0 0.0 
1.25 0.0 0.0 0.0 0.0 0.0 0.0 
1.35 0.0 0.0 0.0 0.0 0.0 0.0 
1.45 0.0 0.0 0.0 0.0 0.0 0.0 
1.55 0.0 0.0 0.0 0.0 0.0 0.0 
1.65 0.0 0.0 0.0 0.0 0.0 0.0 
1.75 0.0 0.0 0.0 0.0 0.0 0.0 
1.85 0.0 0.0 0.0 0.0 0.0 0.0 
1.95 0.0 0.0 0.0 0.0 0.0 0.0 
2.05 0.0 0.0 0.0 0.0 0.0 0.0 
2.15 0.0 0.0 0.0 0.0 0.0 0.0 
2.25 0.0 0.0 0.0 0.0 0.0 0.0 
2.35 0.0 0.0 0.0 0.0 0.0 0.0 
2.45 0.0 0.0 0.0 0.0 0.0 0.0 
2.55 0.0 0.0 0.0 0.0 0.0 0.0 
2.65 0.00110159 0.0 0.0 0.0 0.0 0.0 
2.75 0.0020458793 0.0 0.0 0.0 0.0 0.0 
2.85 0.0142863159 0.0 0.0 0.0 0.0 0.0 
2.95 0.0582262668 0.0 0.0 0.0 0.0 0.0 
3.05 0.2083206929 0.0 0.0 0.0 0.0 0.0 
3.15 0.5473218613 0.0 0.0 0.0 0.0 0.0 
3.25 1.1092554118 0.0 0.0 0.0 0.0 0.0 
3.35 1.8033463327 0.0 0.0 0.0 0.0 0.0 
3.45 2.4747685004 0.0 0.0 0.0 0.0 0.0 
3.55 2.890416416 0.0 0.0 0.0 0.0 0.0 
3.65 2.9711415852 0.0 0.0 0.0 0.0 0.0 
3.75 2.6522357447 0.0 0.0 0.0 0.0 0.0 
3.85 2.1595108732 0.0 0.0 0.0 0.0 0.0 
3.95 1.6278589039 0.0 0.0 0.0 0.0 0.0 
4.05 1.2916471736 0.0 0.0 0.0 0.0 0.0 
4.15 1.0125115077 0.0 0.0 0.0 0.0 0.0 
4.25 0.8311492432 0.0 0.0 0.0 0.0 0.0 
4.35 0.6987272587 0.0 0.0 0.0 0.0 0.0 
4.45 0.5754766572 0.0 0.0 0.0 0.0 0.0 
4.55 0.4901074266 0.0 0.0 0.0 0.0 0.0 
4.65 0.4463557914 0.0 0.0 0.0 0.0 0.0 
4.75 0.5148554806 0.0 0.0 0.0 0.0 0.0 
4.85 0.588567264 0.0 0.0 0.0 0.0 0.0 
4.95 0.6401753651 0.0 0.0 0.0 0.0 0.0 
5.05 0.710937256 0.0 0.0 0.0 0.0 0.0 
5.15 0.715683858 0.0 0.0 0.0 0.0 0.0 
5.25 0.6913467692 0.0 0.0 0.0 0.0 0.0 
5.35 0.6410120355 0.0 0.0 0.0 0.0 0.0 
5.45 0.5855370508 0.0 0.0 0.0 0.0 0.0 
5.55 0.5479245565 0.0 0.0 0.0 0.0 0.0 
5.65 0.5010724772 0.0 0.0 0.0 0.0 0.0 
5.75 0.523341928 0.0 0.0 0.0 0.0 0.0 
5.85 0.5995349086 0.0 0.0 0.0 0.0 0.0 
5.95 0.7830074912 0.0 0.0 0.0 0.0 0.0 
6.05 1.0406784668 0.0 0.0 0.0 0.0 0.0 
6.15 1.3115866168 0.0 0.0 0.0 0.0 0.0 
6.25 1.5969474427 0.0 0.0 0.0 0.0 0.0 
6.35 1.7743168507 0.0 0.0 0.0 0.0 0.0 
6.45 1.8041557324 0.0 0.0 0.0 0.0 0.0 
6.55 1.6847494914 0.0 0.0 0.0 0.0 0.0 
6.65 1.4437677002 0.0 0.0 0.0 0.0 0.0 
6.75 1.1922783954 0.0 0.0 0.0 0.0 0.0 
6.85 0.9722293107 0.0 0.0 0.0 0.0 0.0 
6.95 0.8647677575 0.0 0.0 0.0 0.0 0.0 
7.05 0.8256998416 0.0 0.0 0.0 0.0 0.0 
7.15 0.9136949907 0.0 0.0 0.0 0.0 0.0 
7.25 0.9959658575 0.0 0.0 0.0 0.0 0.0 
7.35 1.0428041227 0.0 0.0 0.0 0.0 0.0 
7.45 1.0293552686 0.0 0.0 0.0 0.0 0.0 
7.55 0.9747161806 0.0 0.0 0.0 0.0 0.0 
7.65 0.8806558834 0.0 0.0 0.0 0.0 0.0 
7.75 0.8363071133 0.0 0.0 0.0 0.0 0.0 
7.85 0.8411248579 0.0 0.0 0.0 0.0 0.0 
7.95 0.9173540196 0.0 0.0 0.0 0.0 0.0 
8.05 1.0308084305 0.0 0.0 0.0 0.0 0.0 
8.15 1.132220989 0.0 0.0 0.0 0.0 0.0 
8.25 1.1521133966 0.0 0.0 0.0 0.0 0.0 
8.35 1.0891192276 0.0 0.0 0.0 0.0 0.0 
8.45 0.9564403795 0.0 0.0 0.0 0.0 0.0 
8.55 0.8263006145 0.0 0.0 0.0 0.0 0.0 
8.65 0.6904625182 0.0 0.0 0.0 0.0 0.0 
8.75 0.5951928765 0.0 0.0 0.0 0.0 0.0 
8.85 0.5375645712 0.0 0.0 0.0 0.0 0.0 
8.95 0.5153328156 0.0 0.0 0.0 0.0 0.0 
9.05 0.5303624547 0.0 0.0 0.0 0.0 0.0 
9.15 0.5911899556 0.0 0.0 0.0 0.0 0.0 
9.25 0.715873379 0.0 0.0 0.0 0.0 0.0 
9.35 0.9015342024 0.0 0.0 0.0 0.0 0.0 
9.45 1.1564965097 0.0 0.0 0.0 0.0 0.0 
9.55 1.4281231934 0.0 0.0 0.0 0.0 0.0 
9.65 1.629105172 0.0 0.0 0.0 0.0 0.0 
9.75 1.7324251651 0.0 0.0 0.0 0.0 0.0 
9.85 1.6606269508 0.0 0.0 0.0 0.0 0.0 
9.95 1.4823743188 0.0 0.0 0.0 0.0 0.0 
