# "MSD"
0.0 
0.524534521687208 
0.8289372320713765 
0.9946199796658516 
1.0169420975592036 
1.214819060561685 
1.2325117802988448 
1.2177013676230686 
1.2176645213483068 
1.2653403882605034 
1.3603129274860446 
1.3250973017583365 
1.5454474379262468 
1.479388443336575 
1.5490474714247136 
1.5201910874192954 
1.6192990278106516 
1.5647299781720856 
1.670732321951393 
1.5805234870892428 
1.477421325706065 
1.5149725189176573 
1.4388112499485624 
1.483756190496019 
1.507306661511983 
1.5303194915586549 
1.6420073681351997 
1.7053026977833672 
1.742310896605046 
1.7431324890600743 
1.6808763418113677 
1.7693231689615327 
1.970462134000948 
1.851570697093694 
1.7139805176062155 
1.6705491932635692 
1.6528893316481112 
1.6286760186328124 
1.6799443548051234 
1.6421716328354408 
1.4785257519194468 
1.6073883276848917 
1.610600646877776 
1.866502776556573 
1.9289776706680921 
1.8963116889242804 
1.8553277402554964 
2.0736998465279135 
1.8016394903362496 
1.7630966873830607 
1.812203240285042 
1.8483783634239939 
1.8924743454186217 
1.8766956506261234 
1.6550030872559678 
1.6678200389113143 
1.741954803559253 
1.7594841259035991 
1.8968798240824076 
2.1495318944494604 
1.9273574107558895 
1.9780480290185802 
2.1326261631131613 
2.176192758572156 
2.152514620435741 
2.078157893594235 
2.1936435671123795 
1.8856405535054008 
2.0346563853241015 
2.192752275279922 
2.549304025637128 
2.3951565633168723 
2.382546613621089 
2.3808055740466663 
2.650168308918139 
2.6210211770930174 
2.490411337775446 
2.5853295637225244 
2.612947435421918 
2.7651608042441014 
2.8472666551759174 
2.9190841937415146 
3.1362970985521947 
3.2401541787137407 
2.869220650478605 
3.106777542573442 
3.0910494105316615 
2.963792002359106 
3.1538072665988683 
2.961613731645458 
2.7881673248939016 
2.767429741545833 
2.8470287800857 
2.7379108649297366 
2.726208438098407 
2.9669134143734746 
2.8333820688636244 
2.9188722492443597 
2.743321148758083 
3.0150884711049213 
3.086654132225652 
2.9188920314099875 
2.912564569625089 
2.8900936503882235 
2.9263586721752453 
2.9531496244845243 
3.257938344914466 
3.30324532800452 
3.138227971495516 
2.9986325889172 
3.1572646026396076 
3.3742168615454013 
3.1114681521507475 
3.194203042474341 
3.330694818340328 
3.2780131828419004 
3.5163933994856524 
3.443553176057718 
3.3939327622673954 
3.413511300907312 
3.5633303756604278 
3.553208767896624 
3.539517504358103 
3.640234529538284 
3.8044521871696872 
3.854023593546661 
4.22769812134744 
4.016387850623152 
4.273362413290504 
4.257683614143758 
4.115890195680572 
4.432186483367078 
4.4410736483739095 
4.372011841959983 
4.436163154575631 
4.391550727965745 
4.526526094646685 
4.594893635427174 
5.07999554229461 
5.275804587058171 
5.1258954011673366 
5.410301837207861 
5.067771499146749 
5.2414031802945775 
5.579998385732167 
5.644778305675311 
5.767463561363729 
5.694368650262129 
5.824613556621423 
5.867355948587291 
5.724058294740712 
5.581221993255999 
5.380720985545823 
5.3352275273732745 
5.482155002108311 
5.533524409068417 
5.651193854650681 
5.571146572641744 
5.797541586451677 
5.791339949876593 
6.026031884469794 
5.849240863087097 
5.870330949981156 
6.132596016834491 
5.92868029244053 
6.024458048395212 
6.12791232577306 
6.1203722746528015 
5.936337176025995 
6.039789684710621 
6.11151871288849 
6.168128528596566 
5.973096655353877 
6.242829874788136 
6.400284340270853 
6.122023390988274 
6.068016421737353 
5.9149055755857844 
5.9891176280525755 
6.151223903616659 
6.166083137981379 
5.980461948835817 
6.071911335797711 
6.333274591343088 
6.0775350749979085 
6.171166590736347 
6.10823002320252 
5.991652464862858 
6.354489062599312 
6.350097377809464 
6.139336057457998 
6.546756275254246 
6.504343036761884 
6.4948313811057705 
6.42648644451234 
6.655900465017021 
6.766671259095374 
6.804220542506563 
6.995351139044054 
6.859279950948545 
6.8451278909508195 
6.643606451895495 
6.99956897058174 
6.943174008071963 
7.0978597810317545 
7.154514229586895 
7.156376204623037 
7.17602016711877 
7.279279415807005 
6.829008436318588 
6.528763031372158 
6.728830993449693 
6.6074611213608225 
6.9479662667720925 
6.822265416492777 
7.107912640904643 
7.0336362783921444 
7.288626191266565 
7.279897833849938 
7.571486357979228 
7.90726911611636 
7.737677234440764 
7.7408535418103765 
7.334776561562406 
7.3164432476166175 
7.661647367591376 
7.577022069885698 
7.177664670383161 
7.274136684746161 
7.319727999180778 
7.771612674370804 
7.869437142176059 
8.061256617222526 
8.07956702887894 
7.978078633616155 
7.813192300048094 
7.627136239104804 
8.181777930804746 
8.428212143126405 
8.520248683953143 
8.356092942528244 
8.2032597068547 
8.176340133397751 
8.53648992945313 
8.837439011386275 
8.22336000027827 
8.381521222559721 
8.438165763535277 
8.804990437323655 
8.727852291592606 
8.749040259251789 
8.860963186812697 
9.022531515343202 
8.919490808412718 
8.622136073036181 
8.560148559952856 
8.689102062872575 
8.904373789751837 
8.668054431000314 
9.010659033910088 
8.918577375561371 
8.657328637841744 
8.513742056073717 
8.768807857504058 
8.655283166434534 
8.671958452211353 
8.979864313481176 
9.171532675295646 
8.780700599247801 
8.605307339453843 
8.822873540112097 
8.72778390111183 
8.898972615799039 
9.180067306732424 
9.06720849108209 
8.786766133535032 
8.604181324687286 
8.470803968670412 
9.0487024445639 
9.079528218046255 
8.98557097536778 
9.171529856387949 
9.36960946531826 
9.48836167257162 
9.217755509143679 
9.264633003347235 
9.325543666234124 
9.400960783436597 
9.756703709984931 
9.52437544798845 
9.948333655479091 
9.937355473467534 
9.711315696907437 
9.650188775815757 
9.559733221720395 
10.019776074300365 
10.225415391698807 
10.391858036336611 
9.958565182438416 
10.085066304081025 
10.315109269431943 
10.467172318379081 
10.340680412894038 
10.366412372054661 
10.446439325115357 
10.421757536990523 
10.197028161424806 
10.308799240148721 
10.316357796734605 
10.173604737052237 
10.249657843303904 
10.195351401412651 
10.194856090356993 
10.208332449461162 
10.520410193522217 
10.610128303178294 
10.82748274810812 
10.548209726157134 
10.489297266406197 
10.38272312268975 
10.907047271718138 
10.591302197942468 
10.972486529973578 
10.703867842265053 
10.812833889758577 
10.849650629034107 
11.10855894563734 
11.15508958957374 
11.034184941793926 
11.122793141053235 
11.029898741067877 
11.244956797499704 
10.805843411235408 
11.214540095767218 
11.109641065255536 
11.006107173142869 
11.636626648064972 
11.369813438070487 
11.39324995113739 
11.44835027624518 
11.070232577194737 
11.443743261353033 
11.526047791190761 
11.960237711270558 
11.24858196380005 
10.819721336192858 
11.418536176020055 
11.283827977510608 
11.123879654272866 
11.046536393439414 
11.502980734176965 
11.059382432888812 
11.246420533432593 
11.682536538090076 
11.803497020940961 
11.455726523492258 
11.406533733056422 
11.75004237136605 
11.872539638871777 
11.88221167948425 
11.730028221454715 
12.009029716159759 
11.702457318117107 
11.513548574447736 
11.770612448984794 
11.8686763253697 
12.11543379827386 
12.546888178976388 
12.272105929493012 
12.367440261970978 
12.30941178898859 
12.860630214107372 
12.379207181008278 
12.298372705005427 
12.314507888942293 
12.609067572414121 
12.881658827287865 
12.478546213498653 
12.570969333005117 
12.6212212298683 
12.293288067899061 
12.23365725848213 
12.483504110291829 
12.490923208171697 
12.361142959223164 
12.770504677847455 
12.595561853460522 
12.537032718404967 
12.44008659805606 
12.740876539725154 
12.121968399410305 
12.131061092094129 
12.65838565829948 
12.201705001377054 
12.46409107119359 
12.427151714597773 
13.130209791067285 
13.046066819233442 
12.916152669778524 
12.903427700279705 
13.189909380116164 
13.178699551425158 
12.951833523241598 
12.933949992165296 
13.117928247803196 
13.375862364120456 
13.377392562862871 
13.58825684824796 
13.36320211441639 
13.38070302527697 
13.256683509844779 
12.922108304185729 
13.334179768723843 
13.462148506302984 
13.57595011873014 
13.77692902694056 
14.09846331117375 
14.091364696290093 
14.128819189533207 
14.560830713846574 
14.719002256973058 
14.52064839208377 
14.354128194379168 
14.506461301720583 
14.474130034396921 
13.951918602302063 
14.08483805336893 
14.23423212757877 
14.222114052894577 
14.326862704313054 
14.387858166298544 
14.193969447512716 
14.542425667126528 
14.528640197970727 
14.66621511426883 
14.756620952255352 
14.249440330892654 
14.383645657260251 
14.542292019057381 
14.646664319231498 
14.535861787506875 
13.855183790517723 
14.068252542240911 
14.255342346829712 
14.50166376546542 
14.688275826089411 
14.725262052202469 
14.49039300127236 
14.378960539504279 
14.215024844494467 
14.063953412703658 
14.273909748361913 
14.343651902544844 
14.031715124350145 
14.370858327526676 
14.901099511428686 
15.16153486301879 
15.378073270133196 
15.745637895685086 
15.553094121696926 
15.428327115667136 
15.83702723991278 
15.378674440913771 
15.28507944014902 
15.176902865558107 
15.314921106615456 
15.974304408253268 
15.616962517787684 
15.660011088436972 
15.815178290210918 
16.181699369660183 
16.0125415378288 
16.088425733074956 
16.04631106580284 
15.74663149546523 
16.272513174941963 
15.876189032711476 
15.642508099194117 
15.882270838655545 
15.91722928792232 
16.405288886086343 
16.526767255401865 
16.348846639419293 
16.511596574983486 
16.461918039011138 
16.41062705354752 
17.052689238093627 
16.636110257183326 
17.1991689150055 
17.024147404933622 
17.07471920599133 
17.15277574302982 
16.90192961362768 
16.76032501765645 
17.203123761750764 
17.12102961308412 
17.443520980658285 
17.530486491329402 
17.761450842526216 
17.663335168231487 
17.55837087796017 
17.343874634071735 
17.25720543570451 
16.95784930044978 
16.93654212967049 
16.60857872690345 
16.797338077964316 
17.121414147659653 
17.082127828035485 
17.017255390708396 
16.525350829436196 
16.362546233699824 
16.73713651879863 
16.885452281140367 
16.200981104469285 
16.721417543094965 
16.735017478872397 
16.656676758581852 
16.68246948005686 
16.54232991810095 
16.58589864918079 
16.659369617930164 
16.931204850887763 
16.976513792537208 
17.175461857277703 
17.00174155738354 
17.007578313082462 
16.486157218311774 
16.77847343514627 
17.265633543632088 
16.686129396316755 
17.03995225233576 
17.107558313687967 
17.09635484589387 
17.115586304511893 
17.184210274964403 
17.356758460462643 
17.16451351773392 
16.593139327303508 
16.895363064035035 
16.89070704804958 
16.393646066152442 
17.03454940083719 
17.37996914019071 
16.93166102275015 
17.23707470053781 
16.915579688599323 
16.882320466486217 
17.381255721453073 
17.206635735188645 
17.01288499315358 
16.989500380111554 
17.399516206986718 
17.57208980296019 
17.907843213893823 
17.916280623567545 
17.848709061218546 
17.749043463541252 
17.982518346727705 
17.97671622486821 
18.194150975821856 
18.194355123113894 
17.82395561678011 
17.144801307026345 
17.626515354972142 
17.476165120699996 
17.47723602887864 
17.261368693630374 
17.302575367802895 
17.0750423989834 
17.77421853112358 
17.52144375517517 
17.207486509453496 
17.511178644199457 
18.12467228623555 
17.748864171976493 
17.691173816987718 
17.63583431908586 
17.660787361913894 
17.14845448949006 
17.489604047843592 
17.49582019493903 
17.502942082725514 
17.39428533615071 
17.442485026004025 
17.610218469521335 
17.230459631579564 
17.98934774915486 
17.26807685774851 
17.491209939103342 
17.685173624742426 
17.831958364412124 
17.688442614579 
17.997435405498692 
18.094763019162475 
17.91806433778166 
18.360538614844696 
18.296368881544737 
18.004466038667573 
18.290017291804165 
18.947347477133285 
19.410297294047922 
18.87900976840999 
19.47298711496604 
19.23561588585541 
19.456529455158908 
19.612571698716696 
19.654060274206163 
19.3130282822929 
18.91254659869266 
19.48844696528065 
19.484748099699782 
19.577345664492487 
19.12930882312618 
18.970238924625093 
19.17264517063079 
19.50468654364664 
19.013207486151202 
19.293947861455678 
19.290631403423927 
19.085070991172614 
19.221763629254248 
19.801269360926035 
19.47424450805258 
19.0613079859675 
19.447287611325923 
19.43487198927851 
19.22571530414773 
19.340560349955968 
19.56136405205549 
19.61087658697817 
19.276822628687402 
19.766572691998732 
20.064854397527625 
20.123528174756704 
20.051971721109137 
20.34518350953843 
20.793658778318232 
20.20355630297392 
20.563350799056767 
20.793679975731802 
20.879117200195477 
20.89698942148823 
20.832679659947544 
20.275244343487934 
20.09203836018675 
20.405333027991713 
20.33165625383063 
20.2454760151085 
20.681559638572477 
20.283336630264078 
21.17255353701633 
20.900669213282445 
21.130404977692894 
21.38675274305562 
21.34505611577999 
20.652891729639354 
21.184208331744166 
21.18279423563723 
20.995353196472017 
21.341671459145452 
21.519376015443875 
21.614783865588418 
21.1375230726705 
21.49026298617171 
21.653767992893542 
21.229976798264442 
21.05331744307079 
21.075477947554678 
21.460595740964436 
20.9889246400717 
20.9714087736947 
21.967552869635014 
21.574670506961134 
21.4884852864932 
21.14023523345398 
20.66146688808939 
20.734397156997407 
20.87952042965169 
21.44197007114917 
21.318053080471707 
21.21013023048323 
21.101506460605272 
21.334719916316622 
21.64374037301859 
21.40913850075803 
21.194242311764242 
21.455369936281407 
21.42950813655205 
21.48733861614332 
21.552980666718938 
21.42430361368335 
20.997420287545108 
21.892064862458792 
21.841818741345033 
21.465862992946995 
21.47048904495974 
21.690887909036373 
22.027629733092887 
21.976802697948315 
22.155712376671126 
21.822497498067833 
22.174285609331918 
22.181385790030184 
22.2906552808971 
21.692547507833257 
22.052223934289767 
22.477225281815922 
21.917587729060415 
22.364458589865922 
22.273132438553798 
21.95271502773148 
22.4920028275986 
22.383241423011636 
22.278134538562455 
22.34832433347992 
22.721874029393028 
22.611475439238703 
22.328191135624525 
21.94156627038893 
21.919457870738295 
22.730389369539925 
22.86992616928293 
22.909252729481594 
22.40530269453302 
22.396778386429283 
22.535458390747436 
22.864551987526603 
22.32133277603362 
22.10265813949179 
22.068768017292637 
21.695816233209552 
21.67427488602663 
21.90471645213295 
22.5324897965505 
22.172739936921722 
22.491131966559575 
22.36422374974847 
22.409937503037927 
22.744679745165016 
22.674037399288423 
23.45559516208925 
23.086247077106833 
23.131594598075342 
22.816055360653323 
22.80007850855079 
22.63757392258158 
23.105766281190682 
23.37841243862069 
23.400234876528458 
23.863851856143516 
23.273053465979206 
23.581236547751494 
23.84744537388838 
23.915852318346204 
23.575142356396942 
23.511241637732354 
23.537852740772585 
22.717228359117012 
23.339828724353428 
23.367197456889002 
23.69416216248213 
23.741631384871194 
23.477378559576366 
23.494798281938202 
23.186004814063587 
22.755569385035155 
23.251475539111492 
23.816386266140317 
24.24872030810274 
24.18446075524072 
24.37538951330677 
24.022520651019104 
23.462745369842956 
23.75475530610639 
24.168314453232224 
24.11765595006027 
23.69861088114443 
24.25374532314286 
24.397039791039276 
23.788508381298954 
24.38828000166895 
24.47216369043375 
24.427907003740355 
23.881654911949937 
23.882304399003072 
24.118712648351874 
23.841462632364493 
24.42866287783228 
24.181249039140567 
24.497658394976412 
24.155778712504684 
24.579420533277485 
24.451532871117923 
24.478982095838276 
24.336951519270528 
24.228544920860948 
24.01609954326928 
23.879474555119327 
23.991217892505514 
24.35981527480898 
24.23329910420184 
24.695080979256907 
24.864803258667386 
24.415692648107033 
24.380136470031584 
24.292413048537455 
24.4895166573665 
24.43103291312591 
24.503192427916503 
24.22491017878532 
24.339651584553614 
24.05069595418957 
24.46186537731572 
24.726171221067762 
24.3257516363547 
25.222964930697707 
25.082023147838726 
24.73205910511439 
25.292761660628656 
25.716097730005377 
25.452164307179473 
25.608907745748077 
25.619406502622965 
25.327294773358034 
25.08749426282483 
25.100822419761215 
25.14473487838693 
24.715018427155744 
25.059547033705805 
25.565707739910096 
24.962209413463135 
24.952807888176956 
25.63465470733157 
25.90046547389757 
25.742242078704262 
25.31075773413977 
26.16887098002405 
26.5067236797609 
25.76734690193223 
26.80769631683689 
26.516908815073492 
25.866791761651058 
25.78477295702306 
26.171300150462212 
25.47095489126178 
25.45019216175166 
25.58436554834724 
26.097289812340335 
26.3573608533777 
27.183004636144997 
27.50016631510122 
27.654170211915208 
27.45513231339058 
27.346065005148894 
26.674658614570262 
27.157261457957677 
26.713208410302894 
27.423846273016505 
27.754695916496615 
27.486385012832134 
27.463629141185294 
28.300174507623904 
29.168407868270037 
28.96897799240513 
29.31752271921992 
28.19774674097977 
28.462692500707664 
28.403578059024674 
28.25300404225331 
28.619157570692597 
28.738084121836877 
28.651206452587903 
28.34969216155913 
27.834510381994303 
28.18316226181784 
28.254503594943397 
28.29924745872002 
27.93660258912142 
28.659448181243345 
28.390994812472947 
28.300680359240584 
27.97742777234423 
28.245677106901844 
28.693846166573884 
29.015196850914442 
28.53516140396371 
28.855861996603466 
29.06858859257183 
29.252884694290447 
28.822842657525587 
28.457050123613335 
28.788248207660043 
28.398715031936568 
28.974017648247425 
28.71527173687381 
29.075515267345917 
29.213310206469462 
28.79747870481734 
29.105944462364064 
28.89704933896163 
28.455389317882133 
28.728808399472488 
28.460739081401307 
29.335082512972505 
29.380926459252663 
28.962047745363574 
28.834021506887748 
29.33242468263101 
28.784430940088896 
28.875224579264835 
29.303433470940327 
28.987382693312362 
29.373068081413983 
29.67189706333002 
28.953806028808998 
29.0311312876537 
29.153346075296074 
29.037717385674743 
28.97312489720877 
29.352716681655874 
29.21617875975606 
29.551880460653706 
29.927466655465402 
29.631727076424845 
29.558543630626748 
30.185907588544257 
29.823392847838246 
29.02414031187713 
29.973575682097664 
30.175406713702802 
30.113302707347778 
29.675449803865064 
30.271029068616745 
30.363840321533424 
30.768805456984946 
30.21205931007909 
29.861713350486102 
30.483840388264472 
30.59678693631154 
30.97561600344499 
30.68893657172236 
30.349167390189027 
30.44460525916068 
30.51467569714159 
30.356816747394056 
30.65010985627182 
31.059332150611876 
30.80172551731119 
30.84332352733759 
31.48875783112532 
30.57535866704659 
30.7168459910402 
31.01514260188929 
31.367889866190847 
30.215087045720217 
30.759145854931685 
30.160676011210892 
30.71597510769212 
30.626377318286547 
30.923930494976876 
31.130154715065895 
30.41132492205116 
30.82534881725919 
30.863243884449247 
30.850750990116776 
30.41112631246899 
30.16212379244602 
30.578615477283353 
30.891861646025298 
29.98201044521261 
31.25410343763791 
31.10425945696931 
30.29176259963872 
30.63556700686019 
30.32253490594497 
30.51314979014378 
30.49921553502609 
30.68461487241303 
30.348370191172407 
30.23216302497288 
30.588084851521415 
31.176031205575722 
30.7783826150697 
30.624488288468374 
31.215671521252087 
31.265189848553874 
30.614072676812825 
30.40116949531263 
30.321915748053932 
30.441133145628488 
30.015512442708648 
30.881562292017193 
30.564289655552134 
30.783902070827942 
31.50892056559982 
30.668907489092543 
30.65808407788511 
30.91038999487492 
32.03610426766381 
31.538343007564997 
31.025661998091316 
31.309437262850725 
31.079315425866184 
30.374639911639353 
31.377384057252964 
31.571869717586075 
31.608304044802896 
31.366941623680614 
31.741377241744004 
32.49377134321679 
31.7163088935469 
31.658505255196975 
32.00450869895929 
31.351183161451104 
31.672785117432767 
32.060484408409984 
31.345883512905175 
32.19383852921808 
31.93246380709003 
32.159623902278014 
32.26686715168832 
31.507935200515053 
32.644621167440405 
32.2723366646056 
33.33303201412829 
33.207048019101926 
32.76660058401681 
32.7020180677942 
32.62267847399386 
32.22028945793184 
32.968227299248454 
33.016225509818646 
32.70157408156476 
32.669082859655944 
33.91216143283794 
33.88744860232311 
34.11725979838237 
34.63729592792306 
34.45955478867423 
33.97407700216246 
33.97949457920966 
33.89891122967444 
34.161390114273324 
34.341077246732745 
34.513068762059 
33.24169213783371 
33.951681116769365 
33.869101329469906 
34.24012959916423 
33.99397290158453 
34.47077756351117 
33.99021282894359 
33.76090580951328 
33.35672612470621 
34.391730651435395 
33.59441853701154 
33.60996531196999 
33.59119092233635 
33.537755602202424 
33.32315095568762 
33.08902839231964 
33.61261230273043 
33.53765794025895 
33.708420254528036 
33.83458161229266 
33.6469417496859 
34.11460762765108 
34.15123246451868 
33.51389318809406 
33.44557075189532 
33.46705794266357 
33.477663950250296 
33.538085839998864 
33.9879236468765 
33.78606688092069 
33.87044569356368 
34.01849248572552 
34.4233575042133 
34.103081534598275 
34.24001771494124 
34.31582275926137 
33.96754644435532 
34.41841592016389 
34.33116692154932 
33.136572927182506 
34.1100931860691 
34.93643225884596 
34.468824443249396 
34.15187517753091 
34.298326833846865 
34.11690797886461 
34.58268910503295 
34.31604400036806 
34.163381397865315 
34.67491381371912 
34.34059661040491 
34.609798699838564 
33.940210019278936 
34.243947058931354 
34.75901786006392 
35.11890634353926 
35.399952660444164 
35.23633314879958 
35.38868024030271 
35.08141826764689 
35.25963499904405 
35.57469497940343 
35.319635277142915 
35.26902101974605 
35.23377559249901 
35.29186053900344 
35.033295912848644 
34.97612966308632 
34.98962311737773 
35.27752630027959 
34.2082610287396 
34.598898435921654 
35.109741014983435 
34.889226638917016 
34.55897419105893 
35.00852463142383 
34.442080601979406 
33.9448000810718 
33.874111186515165 
33.85255465362963 
34.4110888070297 
34.00469068205534 
34.476663866116866 
33.124325404985925 
34.10539700285906 
33.41995731237853 
33.30317383190923 
33.25323028084023 
33.768035568204155 
34.41042591180404 
33.81993925945952 
34.057626320451746 
34.268604261873676 
34.64719171460741 
34.31182838060266 
34.7956387849765 
33.99237088032925 
34.66011718980116 
34.44861137529932 
34.696875244743474 
35.46401872468588 
35.49759622431895 
34.8588965365792 
35.18962695870704 
35.46627151329862 
34.92357982657392 
35.037801071264354 
35.27561972218591 
34.82399297301884 
34.86136601945004 
34.91816954141116 
35.124805858396165 
34.91884191333865 
34.550592892237304 
34.36103308921715 
34.87330622435913 
35.21647300495982 
35.3295656973485 
34.97072738472031 
35.5322830330593 
35.14893090254239 
35.30338626947746 
35.220948835764936 
34.6866529839792 
34.18108655611701 
35.550662092181796 
35.81699712480608 
35.52721858037988 
35.3725548346692 
35.778005183952565 
35.17617923227786 
35.07979510837622 
35.19907432989926 
35.23963883733492 
35.79733306395239 
35.64563103248855 
35.327546820713515 
36.160344325817505 
36.43347844694338 
36.5490369086152 
36.706270407204826 
36.8858828528608 
36.58316850547536 
36.97280266195111 
37.04035704090303 
36.09771736042826 
37.0618347819518 
37.229393201940844 
37.65057973460486 
37.472088128654285 
37.179934837735146 
37.316758352588465 
37.22021814569781 
37.051101628613736 
37.04037453606056 
36.45959611516605 
36.71464769539073 
37.62493032320985 
37.19930115346007 
37.20422648995102 
37.07916008266142 
36.9467836866374 
37.109333775321176 
36.769022166106936 
36.51862373264588 
36.88079439574154 
37.55318346728125 
37.47733172263523 
37.646366732947705 
37.411008351717136 
37.09018351020277 
37.16146482718065 
37.10519842491729 
37.18297360724813 
37.597298260127204 
38.10133958345915 
37.515717809695175 
37.30888462909329 
38.388918349040495 
38.20005489333031 
38.07332541227379 
37.738356476607045 
38.57133016636353 
38.32602969041227 
38.237500967065046 
37.8369709794061 
37.52161840399217 
37.6760744981892 
37.696007212270814 
37.830962681661575 
38.3571082834838 
38.57844279903713 
38.35550087600874 
37.78258777697823 
38.71830928495748 
38.88266724630606 
38.61098910450222 
39.12943229554227 
38.60304882713731 
38.7016537895102 
39.39613641218698 
38.98816075858922 
38.73299033176778 
39.02348911505105 
39.28964944169419 
39.38176484867739 
39.70039959030542 
39.611868682784 
39.21020351780345 
38.90340732884439 
39.60146499725523 
39.80341560424678 
40.46587689498138 
40.02953595942176 
39.812925188384455 
40.07523146066422 
39.557183922019746 
39.702984813092584 
39.305479106006615 
39.67707893390411 
39.99613971537048 
40.081640427981625 
39.868441534652526 
39.88300647594304 
40.072839565996446 
40.05740235928012 
40.28042937819729 
40.48158670034512 
40.19497992527983 
40.71300368838479 
40.74677241369281 
40.478111494372534 
40.20774466787044 
40.40707686032945 
39.645919755239255 
39.618937589824235 
40.821368462022896 
40.14284039492284 
39.27382251252349 
39.165277480719844 
40.25217368084858 
40.19161781978045 
40.45262374851806 
40.24517465535839 
39.93315312633098 
40.56111416500419 
40.80375963762349 
41.23204593024029 
40.25530543663062 
40.99689038738366 
41.244266355311765 
41.235571343214495 
41.645049244115896 
41.19710066078341 
41.35353992818234 
41.183050081522694 
40.896236416996466 
41.04526593798714 
41.618466861399604 
40.614901613271954 
40.6273462777195 
40.96801928577851 
40.744421047217884 
41.40574868171274 
40.52514492856217 
41.33121001002095 
40.79003002755834 
40.47142276720048 
40.86412664683415 
40.516123397260394 
41.24351610785892 
41.19924782676153 
40.70500828623062 
40.82741094199047 
41.19154041071638 
40.708329469069646 
40.99586149809191 
41.47653110508457 
40.96909077502575 
40.778898202819114 
40.90436771477888 
40.92476642885624 
40.76428544898462 
41.5152249648599 
40.85842423257111 
40.672268670000506 
40.11336941795647 
40.067904034872036 
40.137031269400104 
39.310567799573576 
40.11446304438427 
40.7061300189517 
40.49972249579341 
40.29755843648155 
39.35598084808609 
39.74038846910292 
39.37228517732996 
39.84676521231951 
39.96060854538494 
40.21526211464852 
39.81210331410298 
39.94394317913908 
39.65107672487027 
39.433957021183375 
39.87030475953196 
39.186635849108505 
39.18535147210281 
39.19445125023748 
39.257461063143836 
39.57835089856123 
39.165066390826965 
39.968954571424156 
40.05122930341356 
39.30988363769782 
39.36427981739292 
39.47306666896972 
39.1020325957829 
38.8885899378559 
38.779126125180966 
39.16869560750911 
39.531277288655815 
39.358020187020365 
38.788472548107755 
38.935129466864616 
39.09003640492186 
38.873543379450076 
38.75475465806245 
38.57591493667666 
39.567742765524585 
39.471996908431436 
39.858722562242065 
39.90954955487885 
39.443890652509786 
38.67851374042698 
39.596519965717505 
39.72791716521378 
39.00003671905467 
39.88185881812494 
39.275354384977106 
38.909221279448154 
39.04432720474498 
40.357251075446236 
40.138384636449764 
39.82017338951197 
39.72811817930592 
39.31799351491659 
39.43976992930712 
39.93174422004547 
38.9145198429928 
40.154963075035205 
40.47181503474954 
40.06006372427082 
40.513257306928836 
41.054837300102015 
40.813871601330064 
40.012573953627715 
39.491708841892766 
39.69311588723308 
39.90288276507577 
40.26776967049656 
39.60802431611453 
39.67289095030131 
39.68722007498909 
39.72622848830184 
40.281185496150606 
40.16626262713872 
39.82637242688499 
40.233301109746165 
40.73729485721395 
40.783610778835616 
40.01723002594341 
39.91241374135999 
39.476791678614774 
39.78086020516304 
40.069678129921215 
39.79778460704031 
40.93973026920245 
40.54017840531973 
40.6644762454363 
40.56206787527252 
40.21469070182555 
40.55726011724024 
40.610675358969715 
40.68639713213837 
40.6304455795116 
40.20748688431772 
39.86084883739735 
40.8337611567346 
40.48069182460873 
40.17651204977598 
40.828342613443134 
40.75669861911824 
40.99579114133568 
40.64707211664113 
40.750634304624484 
40.48546017145503 
39.69822486970223 
39.68875086062921 
40.366098396439384 
40.8278361302665 
41.27903998860572 
41.07843080703947 
41.001331431345925 
40.35925326169749 
40.20955067307021 
40.54387311538442 
40.52340912632087 
40.336780053874314 
40.3749893859656 
40.51299786194245 
39.93211809782656 
39.31173485232616 
39.328815798320015 
39.89537757089893 
40.60136758581611 
39.72724266794376 
40.23742942906697 
40.27618666976676 
40.50537786757987 
40.90126395491612 
40.732946416071016 
40.55717667740492 
40.3012721659903 
40.379360438262076 
40.06653776578699 
39.59314535855798 
40.54201725762832 
40.60894485412706 
40.95170194974617 
39.37973013355124 
39.797595436276936 
40.15344120716312 
39.63497215079529 
39.610098644824085 
39.41045031659408 
40.21831119988096 
40.11985559448866 
40.569987482623084 
40.06468770237206 
40.08860898310339 
39.514328010781085 
39.37264003190476 
39.42984941111973 
41.12394824954497 
40.3418575997956 
40.822013025779704 
41.29889429370501 
41.29391634826326 
40.82557577280744 
41.634394065405935 
42.411322767895186 
41.13766794160617 
42.262932155005274 
41.95859587233613 
41.20442941721605 
41.63459831402547 
41.64690291273092 
42.10002881356463 
41.996020119075645 
41.63619030407546 
41.24390479612601 
41.012367505983995 
41.36096399112079 
41.413009085634165 
41.39482794356643 
41.84509929006616 
41.1469921371687 
41.08040213889095 
41.558829869591776 
40.54203984819345 
40.96035470151372 
41.0192251452696 
41.56579109268011 
41.256102952715146 
40.78743835873697 
40.66526618543598 
40.372732670818976 
40.76050164838451 
40.748875197971124 
40.42879130946982 
40.975119213609936 
41.05302780398833 
40.75561790345416 
40.51891976033496 
40.764618597227766 
40.70069665779333 
40.36458566725644 
40.96293223562813 
40.49417725844585 
40.43802507279536 
40.111828947109416 
39.75686683268678 
40.497178063363506 
40.7471171344687 
41.07446039722833 
41.147597707852455 
41.62396516281357 
41.16454736888517 
41.123389627930095 
41.2528149542374 
42.09144386618332 
42.43806476168643 
42.19934608458987 
42.39560755195867 
42.816748956030615 
43.40333526952401 
43.30478605617921 
42.54623757803665 
43.081751817423616 
42.547621311379935 
42.93678274694848 
42.84347498508949 
42.33122258820267 
42.03075293800859 
42.17641560557979 
42.86858138496253 
43.13308255919187 
41.62737687012626 
41.863207054888626 
41.461740612471836 
41.80604498858814 
41.38869492439196 
42.302261761590984 
41.1809609745816 
41.27953240487415 
41.332787603245094 
41.98895184508177 
42.05672926992269 
41.59875055954341 
41.46911346242985 
42.14512870662534 
42.291605109723314 
41.62144868007068 
41.72154653538384 
41.9284354565985 
41.451474491087495 
41.583320572712466 
41.987236054638274 
41.46708511868004 
41.87669458160663 
42.768485576161375 
42.83547595818999 
42.29494023484832 
42.80149559564831 
42.214301498345804 
42.1610017081483 
42.003581926995885 
41.969138398413996 
41.798388222292125 
41.92570240349185 
42.1863018321303 
43.304180701555836 
43.048644033481025 
43.053290423773085 
41.60136297493879 
42.35623918980859 
42.409821552238924 
42.139395738595965 
41.92286155584376 
42.75652515369482 
42.41274430518342 
41.811187187811825 
41.89810043981521 
42.350879647519 
42.33313957276433 
42.505660346141426 
42.886651350853114 
43.10658104609212 
42.7558059711489 
42.65723491618035 
41.905958404813916 
41.671315183251046 
41.82671163543985 
41.793994769491135 
41.535910713982844 
42.97120376511946 
42.16304660313786 
41.66230992868132 
42.70270255468807 
42.63349152017971 
42.32208942763725 
42.10165762937582 
42.15297630352296 
41.76264413575851 
42.433436857080004 
42.40995712776921 
42.72474636285733 
43.43589771552194 
42.852366159220146 
42.963117993636146 
42.88037220565496 
42.80813578617708 
42.537024803218884 
41.87343161835353 
41.5935822340912 
41.97295996048004 
41.77179146030285 
41.74060388138228 
40.96119144992833 
42.284615741290175 
41.58874601395752 
41.76325928773833 
42.048776920456085 
41.72554559360481 
42.43428883275192 
42.52611781966241 
41.76068500296603 
42.33654115249959 
42.56012202183726 
42.546872841247165 
43.12454716028898 
42.30378697350369 
42.390827540596334 
42.17014028055966 
41.94036824622497 
42.63024537202146 
42.792829843616495 
42.35047692126793 
42.00393877618063 
42.906822965866155 
41.73793484946869 
41.74902054440858 
42.0104179707091 
42.398961600848395 
42.30961160205405 
42.113146731789165 
42.1483090117512 
41.977599396085424 
41.80465864846921 
42.52144711033679 
42.46580111228124 
42.192477862956274 
41.37745242801704 
41.61172764765518 
41.571951021415025 
41.40131871329082 
42.212472751796184 
42.15425805040774 
42.366496121077425 
42.68844962764757 
42.564197388365706 
42.088172083170335 
42.51397342749577 
42.56085008865168 
42.640124472867896 
42.15161120381381 
42.2202111343666 
42.10611987791751 
42.135429157215775 
42.84060576973572 
42.54722476706649 
42.115586262597446 
43.09121754379639 
43.240601395280635 
43.257442197072685 
43.058694887750455 
42.7726685615812 
42.06380550902651 
42.94173534150694 
43.04306709040392 
42.70304494046109 
43.1882475467204 
43.40870111770029 
43.992224781847 
43.75846067419851 
43.248035829632244 
42.90513103233617 
43.412753898618305 
44.286068669344274 
43.81093658993342 
43.376594138119664 
42.934783718777005 
43.83125630933582 
43.51666196554748 
43.045653962575685 
42.69935649003751 
43.22041293716124 
43.077748445309595 
42.63223944193287 
42.90461051215635 
43.03786978972085 
42.93287317325791 
43.11640845536765 
43.626973052737355 
43.933615857568974 
43.17614088200086 
43.726279092482116 
43.969923243239435 
44.06598885796042 
43.86068006018925 
43.76456677423696 
43.657124913095174 
43.558126533852 
44.44067513690338 
43.80819223838236 
43.39839358793819 
43.703626875018756 
43.31933413414342 
43.60889627035634 
44.08978840219987 
43.75858672944676 
43.987062572458825 
44.399116852146584 
43.455339153268035 
42.960790310001904 
42.545303236352794 
43.02806816811538 
43.46241369795257 
42.94805144968746 
43.617049802973305 
43.52697026841352 
43.28256236160442 
42.87398218710598 
43.58980972480403 
43.00587476330048 
43.96315192581043 
43.884015967516476 
43.272672318791095 
43.10427127251824 
43.24923157771218 
43.456153201403765 
43.53339693562515 
43.932172204513314 
43.96504583981205 
44.455948026071674 
44.673741527413824 
44.18561492949272 
44.57371587824542 
45.05183161898087 
45.054351213231925 
46.19623944131572 
45.70408736359598 
45.337146354677046 
44.94603077460437 
45.340332105970276 
45.100095174412225 
45.3271578065068 
45.29720074323794 
45.75253378656696 
44.27841132777165 
45.17343029285974 
45.12254208312574 
45.59562723468428 
45.54505246969794 
45.248666862813025 
45.37522087912651 
45.233619436795166 
45.654297981352755 
44.82083008198567 
45.49783694552992 
45.986858714112046 
45.69199865846177 
46.55071342111822 
45.919337465486194 
45.4298247917681 
45.70665496755977 
45.21628264087745 
45.19307287042201 
45.62134294026222 
46.06103497900821 
45.86126445765938 
45.6167024038648 
46.359481632643735 
46.594551802192534 
46.04546155995982 
46.193649181105 
46.10775493243085 
45.99971294444413 
45.77968042127323 
45.962938739289015 
46.213622764840025 
46.53077729717137 
45.99491453200826 
45.05597349642336 
45.25759470302867 
45.89721239975211 
46.06297950930222 
46.14316317519825 
46.23987402640475 
46.858244195209245 
46.90975296280591 
47.45370366253568 
46.58952488859978 
46.62972710118706 
46.33440535968483 
46.742594617524276 
46.713529111058904 
46.17462042897951 
47.63912397424142 
47.51261595491986 
47.123970910820226 
47.23206099950512 
47.83141840920318 
47.3914352863074 
47.7887927453102 
47.206667856849975 
46.720379344052056 
47.37708078852754 
46.88714600228451 
46.68655513849579 
47.59838793513257 
46.64697929721848 
46.5111782355594 
46.498678683134386 
47.11231196656022 
46.436999368899436 
46.253934482665365 
46.204477866409725 
45.988180180627374 
46.572794949476446 
46.32360616241314 
46.877670704276994 
46.57847565094324 
46.78168264187695 
47.1623752690879 
47.5427901616936 
46.91592883281824 
47.167477162145794 
47.506395747449176 
47.41231308964131 
46.77401210222716 
47.51193537098305 
47.51959122385673 
47.61143691802008 
47.896562947115115 
47.734489387375696 
47.89532434615673 
47.54786044473469 
47.264172637718985 
47.394753924807986 
47.09571426901261 
48.2271058725897 
47.67572875454025 
47.832353764459434 
48.14768532353619 
48.36604446106782 
47.65566706148743 
47.490344557225455 
47.944348664850025 
47.49452202995495 
48.680656812107195 
48.29244578740157 
48.477918165576504 
48.610957525204384 
47.74305596693318 
47.43076383784792 
48.176234489035664 
48.591467146052075 
48.85304776467887 
48.14656733874336 
47.952496895083776 
48.04446898081195 
47.65493133389692 
48.069677552280666 
48.117319198612996 
47.859265473316874 
47.297905350009074 
48.08229011303351 
48.02051007609363 
47.97269582256018 
47.977123337426065 
47.50745171222408 
47.36148313151763 
47.476401229019274 
48.21428687258462 
47.372656705296656 
47.30920230855773 
47.36594473642462 
47.03503850744208 
47.25571813904019 
47.11923697214186 
47.47802697709022 
47.42521691740697 
47.43211624916615 
46.862474067827016 
47.16608988200736 
47.66426934353967 
47.62695770428524 
47.39503003959128 
47.45650648125908 
47.57342114955782 
47.45923851977592 
48.240059148487894 
48.61027697931436 
48.80185527831038 
48.737037696072655 
48.1671113786481 
47.556077374630085 
46.8441924440319 
47.23880879786706 
46.94804572201648 
47.1741305326155 
47.31951606482705 
48.279100449463584 
47.96452117645601 
47.45955946449832 
47.42077007675083 
47.72391656429456 
46.79562554819414 
46.68460391696507 
47.041372021921525 
47.293853210877806 
46.87792220626784 
46.20595860456389 
46.91984848139295 
46.77940463873165 
47.2246046299801 
46.806266140931314 
46.891389413757146 
46.61525799312969 
46.754528027129744 
46.52755254562123 
45.817179829797624 
46.2934857625991 
46.16510653511567 
46.763892280807845 
46.87852941319842 
46.69060010304774 
47.09654963378357 
46.56807667291394 
47.186269197213115 
46.443039826809766 
46.95180012771277 
47.232057136645004 
47.10227572735503 
47.03385160648482 
47.194438613173666 
46.87188510346292 
46.64357141994625 
46.875594718952634 
46.71936589991355 
47.097393614429244 
47.08716022439909 
46.88062564977918 
46.85455920793961 
47.22081922114873 
47.4204762056623 
47.67273374603563 
47.56271583459293 
47.31231484519225 
47.728481965883766 
47.490461228596075 
48.024365746376844 
47.90426938799845 
46.741509893532125 
48.06557388647267 
48.03562422970577 
46.92076187202697 
46.924024529613504 
47.3734143435739 
47.81330249087623 
48.44975764463385 
47.307434989377214 
47.40218974032803 
47.40859168666375 
47.80192634523505 
47.461429267605254 
46.94174250688076 
46.50923323102023 
46.52102946409085 
46.37234653182074 
46.26461141499833 
46.998995247006214 
46.83504948341489 
46.67493555786461 
47.245363859284815 
47.73522982594674 
47.064829389343394 
47.10900904874313 
46.78281128718603 
46.47685603953477 
46.723241011430844 
46.359735018119544 
46.497134875891575 
46.420561369629425 
46.88462472295708 
46.60312757631885 
46.76178657399302 
47.82310667583542 
47.60102450151055 
47.54737079514783 
47.46625138397603 
47.83809846955022 
47.54738343267906 
47.15611612096479 
46.938606256255845 
46.92234610587269 
46.91086335374694 
46.14315433760797 
47.55247591168216 
47.35776632194142 
47.46308821710291 
47.23618351834302 
47.38119540743866 
47.552378830516275 
47.500392414402754 
47.47633199481943 
48.06992397851735 
47.95157655395126 
47.47591448389599 
47.0841946642352 
46.63070397976497 
46.889424950937915 
47.28558797010313 
47.11210514139168 
47.103607862956096 
46.50467744742588 
47.03859493808829 
46.856961472551994 
46.44883225356862 
46.8786683568071 
46.97424799738121 
46.40873234058016 
46.58100188095403 
46.04471171962314 
47.52745376377829 
47.11982742835027 
46.725678064664805 
47.377594177961285 
46.674866719342646 
46.58577269208038 
46.72279533003406 
46.241418250596 
46.6492020949244 
46.24665225149978 
46.90110656859424 
46.748218562977 
47.42192256551446 
47.10681881118839 
46.63185209277888 
46.68049682304591 
46.38929143130434 
46.795288442347236 
46.96606179938369 
46.84154007102532 
46.249208392472895 
46.240176333643454 
46.08413037116625 
46.75541142873784 
46.970727023889594 
47.83925818846119 
47.62019429846031 
47.47680495292866 
47.06595284560434 
47.661300497845275 
47.08326507073599 
47.81761874492421 
47.451188051689755 
46.756195581813884 
46.63645472956499 
46.98926909606115 
46.918435801855374 
46.06364794545897 
46.6772893029471 
47.21532651981399 
46.41553045064642 
46.90286469650662 
46.3341124081108 
46.15743155994601 
46.08635118367132 
47.67967330502764 
47.324971193859135 
46.46377481947805 
46.10082651260265 
46.388847778736874 
46.90645201362393 
47.180817387713965 
46.6530855553132 
47.11298686202188 
46.96149062996701 
47.51184445839478 
46.988946978983584 
47.35338663623179 
47.64402441166512 
47.42481121943571 
47.786238869804976 
47.87162453437364 
47.8241800093203 
48.35170099771637 
48.51501899645376 
47.773388732032984 
47.5420832871884 
47.91396904477458 
48.524306407004346 
48.047163751246735 
47.73345962048536 
49.05280122604075 
48.247994892478836 
48.784179640568894 
48.39021674580592 
48.67703063182083 
47.350349533031164 
47.32067068291261 
47.96920263161579 
48.14943313713899 
48.74851659405838 
48.392284298667924 
48.75061830539531 
48.860966403220566 
48.95974013838095 
48.294112862395146 
48.49098074016113 
48.19669169390775 
48.17201044162386 
48.03608111994683 
48.48073196953143 
48.65878760510987 
49.37768133449532 
49.24295906130618 
48.68251446784776 
48.549541351735265 
48.99743376633952 
49.5564377665124 
49.01431268296947 
48.96834264631476 
48.673417663887044 
49.4900453919487 
48.36788863792372 
49.361248645773344 
49.16225443632089 
49.051538858757446 
48.65560400610969 
48.88840823198592 
49.14982555529934 
48.911450368720054 
49.2049321202295 
49.358603408543 
48.5184591023699 
48.463002522169305 
48.431166713016154 
48.79936708283418 
48.58804128845723 
49.26194436884887 
48.58040432112728 
48.16504091264121 
49.01589354396833 
48.815603118961405 
48.43706259596352 
48.76795735162252 
48.35668574265531 
49.25954395021865 
49.190467624806196 
50.039647421823446 
49.52636160704064 
48.80359307350111 
48.85840939437979 
48.76913417499983 
49.5446427336766 
49.02147755937205 
49.49517072759035 
48.50189518043846 
49.0240738846949 
49.29491794278263 
48.79871190553537 
49.25234795804068 
49.63954300430947 
50.837061321248456 
49.54566663277316 
49.04562123236082 
48.70490881115949 
49.63313804596881 
48.80839908462501 
48.703137854105215 
48.84804983084254 
49.137545516319875 
48.840071666818204 
49.40808710125023 
49.48389921659195 
49.19066036780061 
49.27529098762709 
50.27026510831147 
49.849128273785084 
49.90401308265038 
49.02521789185198 
49.12378093431266 
49.1761190006386 
49.32711121172201 
50.3568443333359 
50.74125320935934 
50.73966118349897 
50.94467775423186 
50.99558649891075 
50.97773342778734 
51.26233698537616 
51.474670606129195 
51.58054450506668 
51.31865372363828 
51.303054909738314 
51.501349555309375 
52.027705920758876 
52.17228832290594 
52.670011152670156 
53.19721371959407 
52.86794076614631 
53.31052430050419 
52.87502332716727 
53.511757007077954 
52.371489266251636 
53.872416573762045 
53.227703641247054 
52.836371969698696 
52.65317868324301 
52.42977087138344 
52.86239197582742 
51.7592732449585 
52.27391042480741 
52.25101916051619 
52.485680593765984 
52.982985492608684 
53.48211122712273 
53.296831755938875 
53.50795123976929 
53.04196448109077 
52.957674248259124 
52.56798411394634 
52.84294795411795 
53.07157205056956 
53.50121119853031 
53.115874776293424 
53.58204371575219 
53.52061892811442 
53.66282904835902 
52.79763745918702 
53.30234314723003 
53.15767722205918 
52.53025958764268 
52.70364485407969 
52.38611570019344 
52.210004291071236 
51.953801293159195 
51.63693620803021 
51.986747151645254 
52.46983658315444 
52.66773804301141 
52.8337047611714 
53.487206711549106 
53.56044438171842 
53.11232330079005 
53.15806136278308 
53.613350652981346 
53.69706890026114 
53.46688558653502 
53.41202217825598 
53.13770507232579 
54.14184289697702 
53.37917483742768 
53.568143296501056 
53.65368386371264 
52.77252428440977 
53.13014530814683 
53.339908199185764 
53.14429597804497 
53.56459984606772 
53.37086168093631 
53.58760357769387 
53.247302916419564 
53.52710627186593 
53.671398283075725 
53.65253169115816 
53.18018893712012 
53.087432135855096 
52.61582179021249 
53.316081081759116 
52.896779547290045 
53.44543249270716 
52.98043178444226 
53.0903171259465 
52.312230008333515 
53.39502258232488 
53.15687465206555 
53.43757431261789 
53.16712800936047 
52.62987506442522 
52.97873209192066 
53.11784655347542 
52.92620470231608 
53.35659178472371 
53.42849863656444 
53.25755493598337 
53.04694481484972 
52.321343703863725 
51.92271022829629 
52.58233648969593 
53.35462461715465 
53.84755838723179 
53.268847576080844 
53.05317319201357 
53.25488537076246 
52.99419514356111 
53.28008312627086 
53.88153652910115 
52.7696063006757 
53.22378351621034 
52.249317145983774 
52.25967559995102 
52.41762310331946 
52.8391952422986 
51.98107349471816 
52.666782443979464 
53.26203208287819 
52.43287010503848 
52.76408314847831 
52.40225417818872 
52.16567383161208 
52.80214797918607 
52.772950429241305 
52.73123506636507 
52.52275591607338 
53.02979505053371 
53.81959694295492 
53.96715966734273 
54.26545269620859 
54.84106142764273 
54.497753473925584 
54.96701523347715 
53.76818426821702 
54.310652685196615 
54.32151003623793 
53.90960846256338 
54.01678432068267 
53.46831599332299 
54.019136883226665 
53.50625567520016 
53.81402744113864 
54.15383367954757 
53.57103202069664 
53.670873021102125 
53.964002053377364 
54.731886270685756 
55.24095066150703 
54.39267085471624 
54.57122419590916 
56.10717567547126 
55.31505095901509 
54.703022964550534 
54.2072485396319 
54.952522297460476 
55.33529124518316 
55.22834124762826 
54.96257266255444 
55.24794289244822 
55.6775268104707 
54.9782071974362 
55.316072387878705 
54.60229156236242 
55.243258381589214 
54.62802625285385 
54.75563568752856 
54.95678443711682 
54.86787024479601 
55.51577132836654 
54.82704142748628 
55.10685800524518 
55.52554431704914 
54.46033906732671 
54.34315628438822 
54.83779704314428 
54.66358932041335 
55.557778710859004 
54.8142420931316 
54.67133602530436 
54.65903654021431 
55.20393494126658 
54.71137111756045 
55.064269536023154 
54.37172310991637 
54.81268894355383 
54.718150667425846 
55.054989211326166 
55.26248329893363 
55.34657759519616 
55.40410776437972 
56.02900849618471 
56.22777607886726 
56.95478081847417 
55.73960733847776 
55.62675174032362 
55.3732895436217 
56.011509964738316 
55.48775086765536 
55.20081058956895 
55.53392104128138 
55.27493269091724 
55.890919146925945 
56.359233703156136 
55.75310950558784 
55.158739619259464 
54.34748010736184 
54.94915687460587 
54.79232592588109 
55.53384971835379 
54.85782754842483 
55.4443844191136 
55.49090154548174 
55.33691528072531 
55.31427376551974 
55.98399794944904 
54.97090630323459 
54.401448931611334 
54.2847445268875 
54.509691866218375 
54.49951474719585 
54.85227282932213 
55.109369541088206 
56.17395624147841 
54.45753859802538 
55.221851100062416 
55.644878915806096 
55.817934145626126 
55.667493109118276 
56.25075689783439 
55.94369529324234 
55.197383546729974 
56.5164383654509 
56.29310881381736 
55.87378697655898 
56.56617700891382 
56.38738652122109 
56.37317087416965 
56.16341884809282 
56.171581077425465 
56.12230679537504 
56.547235914349486 
56.420537111616945 
55.22920098958295 
55.89318370520632 
55.62874174433427 
55.64043912325759 
55.06121128401993 
55.42431191377074 
55.15521657114715 
56.294217434840434 
55.63965789247062 
56.357391217672706 
55.427871377924255 
55.65861065317955 
55.9876867573533 
56.119483886937076 
56.70641394848364 
55.759920680879816 
55.47603139252756 
55.630818291171316 
55.4852810589509 
55.44082791407944 
56.15069696824133 
56.19713801387397 
55.867869729312524 
55.5552599483164 
55.14245063734795 
55.08594295968949 
54.805047685892355 
55.15744339414306 
55.56602625680416 
55.60442008974721 
55.820166331160365 
54.4703668818458 
55.35196886754131 
55.462380711104544 
55.53790412814819 
54.9549002013577 
55.20947052121064 
55.13603087091912 
55.14203047614321 
55.86150580453066 
55.669641307052444 
55.88746122767789 
55.40934958236915 
55.34620210146839 
56.065018998032656 
55.90721680976348 
54.722551528136826 
54.91551038723709 
55.037410816030935 
55.24919783067621 
55.83229213969868 
55.7634211392899 
55.90060525988834 
56.44622268180929 
56.2216192203164 
55.50399749188683 
55.556436230753945 
55.02967718287223 
56.04471029203927 
55.54142813895021 
55.61409601919124 
56.51472966423642 
56.20543154282291 
56.438458697243476 
56.4867930503705 
56.117453326485006 
56.44905063439147 
57.125581262988014 
56.40539899987477 
57.31820843514649 
57.428876635577424 
57.04920604315019 
57.76827879440319 
57.693831263332385 
57.28654510113565 
56.671999260328015 
56.97594828015978 
56.49923358931886 
56.9975624756201 
57.124803724564984 
57.4616636469996 
56.86878814075024 
57.83544450818628 
57.06623955880989 
57.60506355285736 
57.93465613485956 
57.68570963418391 
57.35453921838073 
57.49731920250022 
57.182398230580986 
57.879363070968154 
57.81897354502662 
57.45787193438309 
57.73920564360259 
57.40750476075518 
58.22581452904415 
58.03717477415062 
58.00656148624436 
57.06811555019714 
57.25301743752108 
57.64051501775617 
58.695088955644984 
57.66480982168702 
57.88608357131625 
57.87654978638515 
57.251948500353954 
57.74888795156277 
57.83399081984504 
56.22222022610808 
56.41835349613807 
56.68322194860707 
56.953700903712466 
56.8692291669048 
56.680698493974965 
56.7831859339934 
56.705912709546375 
56.22714663366008 
56.848866951735424 
56.95195588990916 
56.898188870947166 
56.347387931275684 
56.16567666138073 
55.83462968905278 
56.368041403372615 
55.692789314875284 
56.06873671351876 
56.33132655675236 
55.65318024183251 
55.75068962081106 
56.472087351622896 
56.52966271320011 
56.82938954026611 
56.26631718946988 
56.38774738707291 
56.314028682600046 
56.184079255091454 
55.91102455375458 
57.15782805392801 
57.748036996099394 
57.301555683360796 
58.33433467774552 
56.928121430961724 
56.98614053839932 
57.09844448444522 
57.29686418166843 
56.49736973836472 
56.63662432821599 
57.198651347093595 
56.759165311400466 
55.986969965129646 
56.490354342464975 
57.31718952319483 
57.525508005958876 
57.643822204419045 
57.825392935278096 
57.64338355354407 
56.42012929808121 
56.58712441532094 
56.79673284630893 
56.67088620471085 
56.42703415108701 
56.856041001730375 
56.39220997562875 
56.207030897364405 
56.89622826610994 
56.79457751081071 
56.86000809346745 
56.84478101161079 
56.63663860304587 
57.27754383020653 
57.167531244053286 
58.02878382447677 
57.52279103607939 
57.586573184281654 
56.8682837997283 
56.78302002411834 
