# "MSD"
0.0 
0.4560231427438694 
0.5905218609810234 
0.650230053018497 
0.5967711346047979 
0.6955058442144033 
0.8490260696798939 
0.8215258529783936 
0.8094713413642766 
0.7429186938431646 
0.789765286969791 
0.8907909170714736 
1.0281109550831167 
1.0687523142454045 
1.2219981199510808 
1.2817800312387087 
1.2791217184256387 
1.3091092598724765 
1.2983619937030262 
1.4730203419797754 
1.40017303888938 
1.3954492482971848 
1.3938020907293516 
1.3207621557232974 
1.3386802472588217 
1.521762583837683 
1.6764614438353835 
1.7202325583200713 
1.6755924042799863 
1.633512385306654 
1.5775353368290366 
1.527716380391153 
1.4330655549927431 
1.439808074246045 
1.4525390530303166 
1.505141495446778 
1.7731009792821146 
1.7123068206216392 
1.5471763833183614 
1.725368776418459 
1.8069872662995385 
1.785620587210671 
1.892151019905561 
2.0524321362394375 
1.8912051759620667 
1.8954873917230495 
1.646712734790025 
1.794985139888474 
1.8310254814338958 
1.7654874284192053 
1.73675532656802 
1.9432569135467779 
1.9149772422329923 
1.8380049368657774 
1.9590114498824718 
1.8708823325204944 
1.8519842160972777 
1.8558864510453923 
1.8142398304798633 
1.802810805263032 
1.7543290133463927 
1.9264465207122963 
1.92473965356767 
1.9896433126737643 
2.0593229504067234 
2.198567861801078 
2.078439272116096 
2.0158956436473616 
2.0305715518427485 
2.114374993623694 
2.1631534509679944 
1.9978391312169326 
2.147230848844588 
2.206822494701744 
1.9700054030146523 
2.1175949718829727 
2.2105262879523724 
2.225631697344683 
1.9239048490349442 
1.9801245189646688 
1.9548010449729452 
1.8621195325590634 
1.9912270955042493 
2.036628976368769 
2.1028654108160754 
1.9179925846547519 
1.8698756725195167 
1.8221529009152768 
2.0609011601365204 
2.019427567843721 
2.0744036652455624 
2.084998144969947 
2.1139462984803723 
2.2030745212442606 
2.2745345516963793 
2.346576670718049 
2.518876236981826 
2.312340964238718 
2.3404504148012424 
2.226314600012572 
2.2741382254934357 
2.1989997252671833 
2.210136045463391 
2.362178031356593 
2.504168955912658 
2.3771519324750265 
2.3762214670013972 
2.366043332369131 
2.504856090029607 
2.604855681871201 
2.456948883935787 
2.293662365668234 
2.279155970656654 
2.3291784701291105 
2.3193466306514448 
2.2242702643270746 
2.305325838343818 
2.325861613471172 
2.36189260499227 
2.3589167286316894 
2.1713574953927353 
2.2659781699458734 
2.2043436162179355 
2.194234320518666 
2.2068012709766482 
2.300666017554149 
2.218848963652935 
2.2786464025647915 
2.6019374137600804 
2.4448703769014095 
2.335687038936822 
2.49678978869773 
2.5534014262941174 
2.627457926648763 
2.5602642712696593 
2.6899671136643906 
2.571543560931154 
2.5055243852134144 
2.5611298659207655 
2.6416452812160665 
2.617746193988277 
2.5419200211111765 
2.4627305951534426 
2.651548122180175 
2.531387551792564 
2.770287519833383 
2.4813076199142676 
2.787118713406861 
2.5666862112841518 
2.713214144160802 
2.532643717661022 
2.5399408526172773 
2.5749957925863436 
2.820978718020511 
2.631463671794769 
2.6765837555877368 
2.922261934016685 
2.8535315292202967 
3.0589625447421236 
2.924257569794778 
2.5821944916007236 
2.6236348402514 
2.58549485208585 
2.775272965504592 
2.8667280262259074 
2.747217371598752 
2.6004117327257794 
2.6193537942618805 
2.7899317722746666 
2.8413514846531784 
2.768482865248574 
2.602583074789701 
2.656397918455905 
2.52698377108111 
2.5925349931216166 
2.747482019304804 
2.5065331569763813 
2.588428476114162 
2.7017250268899686 
2.723036699439382 
2.829026310523614 
2.6789220665928495 
2.6011385809774765 
2.4509976934497777 
2.480065148852224 
2.6422018111470056 
2.6677155494396168 
2.6974597259436326 
2.65152772984941 
2.589127325579427 
2.735095229703537 
2.7373850761091187 
2.8927937566541355 
2.825611370357796 
2.8985149989001133 
2.851707082790529 
2.9803195692213316 
3.0940080676475525 
2.9466525192241297 
2.757368997533175 
2.805830776495792 
3.162705549990386 
3.1837262049276167 
2.9539111473527933 
3.0551968569502566 
2.9471078110348836 
3.1705987967418294 
3.2470846246529326 
3.3581769490532665 
3.358794254017074 
3.1845289437656406 
3.3440205478337677 
3.3903381034868674 
3.165557988918674 
3.3220548332956206 
3.183793005523205 
3.2895090743432736 
3.21599232115275 
3.2358094374940967 
3.4866445052903874 
3.3311783240208634 
3.4207328906950814 
3.2735378084616427 
3.214972608801231 
3.096617363059398 
3.174023622740641 
3.1578181589846754 
3.2396698238504023 
3.2051223959908106 
3.3797770766575512 
3.473699492943599 
3.6739123421279714 
3.4029500263610686 
3.566709219219735 
3.4570149236304686 
3.4483123057470255 
3.5472616067889744 
3.585987541100703 
3.719427854515158 
3.6114775021359216 
3.6809398100235833 
3.5185845541227065 
3.3828584373019317 
3.4600006539974437 
3.6045216267335034 
3.6841599568081587 
3.329001700488165 
3.416984496903235 
3.348586101945196 
3.3017021501550308 
3.4291226876887264 
3.4015937643793968 
3.66091639256016 
3.4882578034884717 
3.329761216934699 
3.4844084539355142 
3.4282933420924087 
3.5911313184106977 
3.5014042277691555 
3.473635190173584 
3.2062374708976846 
3.4650856681047437 
3.4035080814937646 
3.4520360171625564 
3.283142405352873 
3.347749824171273 
3.3638453453852843 
3.212404872968026 
3.359383184204052 
3.1166720089295987 
3.1645431112095146 
3.1632416059368027 
2.9925558635201037 
3.081253062655343 
3.193757208887225 
2.9048450020132743 
3.1066670406267103 
3.0039140914214695 
2.922120609713938 
3.125405481039152 
2.985870181446317 
2.8566287406715474 
2.8882866236195714 
2.916928711630676 
2.7448057863885964 
2.7494635216398238 
2.8479240457682593 
3.0087459197929576 
3.001193865103127 
2.9937525075692357 
3.0439906213296375 
3.210624092572251 
3.1498139023882303 
3.09175619318282 
3.0708610366489686 
3.053461069492277 
3.1612868467987325 
2.9771292774052425 
3.123680077400966 
3.205521769611468 
3.358235334930032 
3.213595825134413 
3.291985382204762 
3.2679076171830133 
3.287064328343133 
3.152128582183937 
3.285043980159609 
3.391269144224514 
3.293442910508393 
3.3821012170174747 
3.259670658957418 
3.225714305812592 
3.285489282964311 
3.328456687090219 
3.311916589918525 
3.290938567552615 
3.4686147235953304 
3.4848599845300687 
3.691851636831469 
3.67180266494868 
3.758339745347131 
3.634955091269279 
3.787079457906642 
3.893924190106861 
3.716136316872415 
3.6896122361869352 
3.7367469109824083 
3.550215846865501 
3.5389073492415357 
3.4498466329857034 
3.5815384243915185 
3.535158255432169 
3.3994522266514147 
3.4715544820917716 
3.584755483729669 
3.599870779789178 
3.533105625394209 
3.5685595859725474 
3.491729141068431 
3.3450650059706635 
3.43940945183521 
3.6744658398427616 
3.5930738561938957 
3.4510625842700655 
3.2442933190308505 
3.316595895591105 
3.379726354016758 
3.5124618724467114 
3.5642239343859723 
3.3988734543511105 
3.34018695965783 
3.3648038345030646 
3.5308037543143427 
3.5319087256752484 
3.3033726843643065 
3.261276739967412 
3.271106550145189 
3.3871602132237975 
3.1101360885007656 
3.174546617729708 
3.240592429978191 
3.2524305037665933 
3.302373167516968 
3.1929555315945293 
3.03910622852263 
3.27617038574401 
3.2739543185288 
3.2071893269543956 
3.2736673136460737 
3.0759379111737 
3.2250577757460643 
3.3001329996642 
3.3443340339025056 
3.1931847490810554 
3.3387677910597238 
3.2585675233058793 
3.4611862606559476 
3.513662161702954 
3.545384932697015 
3.445651659549531 
3.554776819709163 
3.550832419928114 
3.4655498928905892 
3.635429298978733 
3.3820817890827692 
3.609546586454085 
3.763761575874518 
3.7866675891329 
3.727652788098685 
3.7238533797952265 
3.6048312633804724 
3.640345481559011 
3.6907009246046574 
3.7089876683358103 
3.5225896813593627 
3.3851827101848837 
3.490324143685015 
3.4120406678081245 
3.4990707438240074 
3.492920992477038 
3.517768569356175 
3.3536742424933204 
3.5850377080412805 
3.545506848962974 
3.5113942905055935 
3.5538837463231987 
3.5530535914310515 
3.6252432002921546 
3.701515977555293 
3.7800884893200095 
3.686211166422792 
3.762977130070658 
3.9161246670316983 
3.9058665339722682 
3.843535149475891 
3.8487394080865767 
3.8878296054550674 
3.8549174310749996 
4.112203679604273 
4.016397296347504 
3.9790970870102274 
3.7956880089445644 
3.8449404218601186 
4.008286750803548 
3.9063807396830743 
3.9360791807237017 
3.742579862354862 
3.650041350457393 
3.7225855792887343 
4.014528379277984 
3.9705141382743494 
3.853553258693366 
3.8672658254863537 
3.9256484644031238 
3.7280485434426693 
3.73676688175977 
3.8003714834174693 
3.8471229626626466 
3.902006442267218 
3.9582534198886643 
3.9271950568004037 
3.7138626068600216 
3.8264522975719633 
3.7060200450568264 
3.808616273165238 
3.9201441717753673 
3.6878603763628615 
3.6239037356997934 
3.6690553654870515 
3.8169214827166513 
3.7896765044804446 
3.806677371170697 
3.637338518331444 
3.7161950532720276 
3.5933621662320236 
3.629943883875716 
3.758044888656162 
3.879950855202377 
3.869658537377614 
3.7307642219926604 
3.7530452615515615 
3.7237796819808096 
3.7977038852795593 
3.787057802610934 
3.808272706201718 
3.9758268608857983 
3.7905637899664186 
3.877733046605195 
3.785775666565189 
4.012267688076397 
3.8729908237866972 
3.8663978607464107 
3.927169602379966 
3.9898563160165725 
4.0055550281986765 
3.9981520771374495 
3.9381457230001935 
4.015388538780544 
3.8873897486048623 
4.199098483324632 
4.140762887462604 
4.120267615897434 
4.07827522161677 
4.129837449801805 
3.964110325172778 
4.18053340927965 
4.146791952874716 
4.126013338679646 
3.985130633015263 
3.991956815633522 
3.790571528379711 
4.051261772835557 
4.010272928933385 
3.9538669577168615 
4.04903359894426 
4.174155448959634 
4.072380357237662 
4.127314126856029 
4.057405276172271 
3.988370495256285 
3.896748227721637 
3.859645591149667 
3.7835319649410972 
3.8774317994743996 
3.8702439528697727 
3.8778923566815022 
3.7569238384079604 
3.7643695091154252 
3.878932357371756 
3.7882880918880297 
3.9601945192528785 
3.865437774844945 
3.9857040127888346 
4.0874396651556255 
3.9686795108984505 
3.6056621201742867 
3.9297675888268753 
4.045493620559348 
3.952129826669193 
3.9747640939920323 
4.147524079821325 
4.196542327358465 
4.00897858288891 
3.8598783819999682 
3.9104112097206696 
3.736406227495066 
3.718931229826878 
3.90464481506327 
4.016467335837035 
3.9165017408327705 
3.945176292967099 
3.849794528474671 
4.0183633207469125 
3.793374862716114 
3.733076017378991 
3.8641654436989996 
3.7771665876481393 
4.021788983201809 
3.8605018961813222 
3.9933634290659086 
4.042832543891446 
4.054594526769864 
3.975491521800088 
4.002385286171817 
3.8918215609642925 
4.065617399270623 
4.018551773671193 
3.8583700915948818 
4.118165995893067 
3.867491830669916 
3.997527376005118 
4.044331497752613 
3.9890581425094562 
3.964118273274955 
4.0136651089991515 
3.761645904870075 
3.6734278809262215 
3.866640404470699 
3.836325866674453 
3.886417658516771 
3.790336686793928 
3.76589177805063 
3.696417124271768 
3.8780929915659432 
3.867550463520051 
3.8771976791882774 
3.984141476450055 
4.033297616997698 
3.885157205674189 
3.7402964736730677 
3.795642833596809 
3.7906745530495813 
3.680507161940137 
3.6869119327803084 
4.012406407348665 
4.003463757127828 
3.9025686148999448 
4.1129004985220545 
4.021752613607808 
4.147685723497538 
4.009107851682082 
4.030885706855123 
3.9533320016870355 
3.886172423530737 
3.8873297526776054 
4.08173582470631 
4.276700533359605 
4.124851013603959 
4.264313393583558 
4.141356076151868 
4.063042561761417 
4.479655445093096 
4.343330201975713 
4.331629935529138 
4.14668237274958 
4.055849204303892 
4.184706149302044 
4.122935748338939 
4.105997001946349 
4.206213587969053 
4.065316369037599 
4.0314259406127615 
3.879387501472678 
4.021723319710934 
4.130339960672117 
4.39555417150541 
4.292866647124465 
4.0434070887486255 
3.9678336152964744 
4.063745431116914 
4.161307956279053 
4.118239968961167 
4.260698792162156 
4.2314292344686315 
4.25983619021943 
4.113750007133546 
4.223819820147446 
4.127530633695254 
4.278323172159559 
4.423393697831195 
4.3653595040447914 
4.424782218403287 
4.4343290716211685 
4.462384655766173 
4.395691529473727 
4.6502249356298515 
4.565006093638857 
4.754092396725747 
4.75051188204748 
4.8744857850725625 
5.169006344913354 
4.918528738308555 
4.98354047734795 
4.741875255788372 
4.7874677128921155 
4.758461145275334 
5.104201590822576 
5.004928560223949 
4.991152346070399 
5.0023796492092005 
4.78313873554741 
4.729093377245195 
4.695464999394826 
4.735764776063812 
4.572691979904139 
4.520286508899265 
4.612975282056584 
4.960143045906489 
4.944260916087262 
4.82168511943136 
4.897010284995451 
4.876872085643092 
5.068941598006134 
4.916453938600428 
4.7688935564935875 
4.652130253048716 
4.825776281532296 
4.875020480655996 
4.855440785571375 
4.834582418164916 
4.922950825070738 
4.930861443273597 
4.927175351958365 
4.828887763289848 
5.125224950508731 
4.877730073510475 
4.928168273592418 
4.830094956197847 
4.931359757584605 
5.043199067166118 
4.885049844561061 
5.066429901749413 
5.131246636646718 
5.067788446290398 
5.258178786820051 
5.332110604441814 
5.297880575182463 
5.354467733569347 
5.4982252137350045 
5.361043072561503 
5.370153816185198 
5.457061828934858 
5.289696869199954 
5.640260017110884 
5.605042514371805 
5.502616736662349 
5.478655381722437 
5.464036160398272 
5.672152208224249 
5.775338488568557 
5.756810330546038 
5.527543080613111 
5.861032977010783 
5.7911441154478425 
5.69010683411251 
5.846637499227522 
5.813176290972327 
5.515472626212001 
5.439783112549368 
5.666030151642572 
5.750392875192601 
5.958864606181324 
5.731892524237355 
5.961584266736669 
5.861366416114982 
5.825327683517538 
5.986145746366079 
5.610704322716102 
5.6454325985059715 
5.554502281713951 
5.9805062571589 
5.668190420941647 
5.678474488883347 
5.807746989514853 
5.682120842683571 
5.627922631490848 
5.438563713506799 
5.609512532011509 
5.775220377953594 
5.667115024141917 
5.720825499067452 
5.831752269717949 
6.02042791716745 
5.764543187296823 
5.677771448024522 
5.828488622266026 
5.781468072860218 
5.9826103420759 
5.861223872360151 
5.621715048481018 
5.90470320538934 
5.892835417049358 
5.674435431922335 
5.9230286445170695 
5.7725729724585575 
5.798076851667637 
5.893494648889889 
5.989440398409961 
6.024550415340266 
6.150579586694803 
6.037312404452706 
6.086088799007193 
6.064794260966274 
6.220097619916163 
5.935824322061977 
5.988317364594694 
6.058604436235512 
5.897464498273486 
6.107273736750756 
6.110178011120915 
5.88287963781018 
5.8937780438069485 
5.771060063812455 
5.627399277296019 
5.820688094886947 
6.156434753389232 
6.089596778374106 
6.106640316381711 
5.95963099969577 
5.995503238381757 
6.122769024388768 
6.129577213954289 
6.145230466520625 
6.054181461212011 
6.2078815261356475 
6.335785205680721 
6.302779076579496 
6.218583169269404 
6.227558210489366 
6.321759147601575 
6.1635284614894745 
6.24203337431221 
6.275165826876999 
6.354076058072878 
6.458071306711276 
6.5033137721119925 
6.376607013420039 
6.330600781501033 
6.537232211035954 
6.786396981360718 
6.443195952436711 
6.525320374183172 
6.519250131283991 
6.471693325729772 
6.469831391942118 
6.206024030317586 
6.128660572767533 
6.406087162775471 
6.51904067581167 
6.083911916869192 
6.408907875911488 
6.253740013110123 
6.324080814150342 
6.1076666827073085 
6.173318733036365 
6.277127320925138 
6.143549813273305 
6.434803128901894 
6.18675427061731 
5.9937442750827055 
6.249045051636889 
6.254103751407503 
6.232382962116706 
6.2175395116802195 
6.488410245748146 
6.3365354121772 
6.39330004836546 
6.228909370434505 
6.34581856103224 
6.127634737437448 
6.040993985398566 
5.916612193060227 
5.85949126683883 
6.024465079816804 
6.1693313526008 
6.27045436720575 
6.321721190332529 
6.37272379725845 
6.5076974248845465 
6.427079175509859 
6.497578743877284 
6.18520730496514 
6.335930577733642 
6.399181185910256 
6.3674415041254635 
6.646879152696366 
6.556207648333063 
6.623005936768574 
6.362288091841798 
6.383074499974379 
6.340992844151828 
6.3381239329854315 
6.429413443332769 
6.452379851928263 
6.338261442833305 
6.578812354593934 
6.446541380159869 
6.341001341568024 
6.503352298770425 
6.1770099131072 
6.544212668787557 
6.420874981011899 
6.416085666130531 
6.406177476539392 
6.396911254647747 
6.281413308552476 
6.507093155020685 
6.552520335692172 
6.311495354326705 
6.421582808309402 
6.434239118336821 
6.5732439877391 
6.704762453661788 
6.857991611226707 
6.642095720698742 
6.644851721611649 
6.550922296464633 
6.532813199715065 
6.583741153690804 
6.447405868403719 
6.469430409812794 
6.554924221878597 
6.830487183221654 
6.723227673946382 
6.648302952234772 
6.786901168567781 
6.800003202629055 
6.78084920461795 
6.915152698807687 
6.802569130869194 
6.617860135460284 
6.606994312561879 
6.744389466649203 
6.63902497455317 
6.7526956609682385 
7.054583026751494 
6.832526121093671 
7.00008199290116 
6.9462577196255 
6.74371312226013 
6.595071785551793 
6.670539686913541 
6.597124051112399 
6.734731175291661 
6.592118333661306 
6.813299756529201 
6.860680041077817 
6.666397725782435 
6.751077352617463 
6.647908685033512 
6.676161667907728 
6.897724164134835 
6.888605884393446 
6.716117222249299 
6.687095588030042 
7.030266347529797 
6.717447342569704 
7.0606286838245635 
7.022962140374304 
6.687674811733404 
6.878597128281335 
6.827871395515366 
7.355895149980364 
7.119491938306302 
7.037625309591762 
7.282534491777531 
7.202581772570864 
7.174801778152937 
7.220994676521908 
7.135776226168936 
7.271964690009875 
7.211821560842444 
7.301878106808406 
7.186654500210168 
7.31651495271798 
7.266915886547505 
7.353514367792237 
6.932388130421895 
7.023126942742519 
6.951608596827985 
7.059266324444024 
7.157748812596395 
7.081092751573884 
7.1602145862402535 
6.8933094432805495 
6.892345805860899 
6.719791481796585 
6.719946804149059 
6.683394846881384 
6.756121479166467 
7.144668819649555 
7.055531611989309 
6.915170566084843 
6.713755024586135 
6.869407128633726 
7.155455757402988 
6.8103876346353145 
6.902356240237897 
6.919950755238407 
6.7264623554216785 
6.750147315770207 
6.983742783756741 
6.743171503985819 
7.076856680716469 
6.749358906216988 
6.668663905402292 
6.729606973149181 
6.799971545270606 
6.476612859385195 
6.587695369182763 
6.451581969846585 
6.339706234208389 
6.631125512695654 
6.555185454135044 
6.658002115623383 
6.807918289867144 
6.662711687078844 
6.669778817241335 
6.753414071014264 
7.068493074421402 
7.187222950252554 
6.910402849081493 
7.004947202667017 
7.063975091515958 
7.121667560596344 
7.069505414337037 
7.068791797201063 
6.837244492621544 
6.710610499812058 
6.923073049721865 
6.805110436812144 
6.825407309348163 
6.811639332866386 
6.958827579106588 
6.632112477002312 
6.650283248306734 
6.90855383948008 
6.965137075899414 
6.834507442659873 
6.765619291984116 
6.935096894852082 
6.797826982807063 
6.629644732562855 
6.765964722709562 
6.7632718639041896 
7.091162111480554 
7.012318415610588 
6.830963408946343 
6.803675624429208 
6.905771538403832 
6.81807037700762 
6.779149729163394 
6.839344885813435 
7.077238790261883 
6.932207862693564 
7.071969832972903 
6.764569483915424 
6.81705776303401 
6.899749782063306 
6.674702902279817 
6.474240338749903 
6.741454904930751 
6.8794465780209855 
6.695187978169952 
6.768906903233926 
6.55337918586094 
6.740736526505092 
6.905242936197898 
6.808246797840591 
6.861390629347219 
7.077820739621927 
6.76484670599061 
6.919668713271401 
7.138177182549107 
6.986703223580332 
6.869673876340493 
7.178930529973524 
7.241440729093858 
7.269772442550032 
7.28900801178143 
7.183049876207116 
6.922117658117354 
6.899709290046573 
7.013193855748872 
7.10537917298408 
7.18261422748908 
7.202344060848283 
7.054392528081388 
7.204929893011588 
7.421588161686977 
7.412519172663998 
7.345786315242996 
7.091309584771203 
7.321746968674198 
7.359206891103732 
7.594219019478648 
7.492152009639919 
7.406476511581147 
7.40543407522202 
7.518547406304191 
7.649224456145858 
8.092446968136407 
7.653249527680075 
7.68176642999614 
7.6727190276737005 
7.664108892942211 
7.5062086855399395 
7.552065651624059 
7.523564932961594 
7.7858705415685066 
7.702416813498413 
7.484162280190878 
7.668552338125039 
7.814804990632446 
7.704352906053144 
7.7088481730099945 
7.695610983274759 
7.645182285093462 
7.647068013176037 
7.903939222274963 
7.715670978015075 
8.022675950925004 
7.935103181378054 
8.055786563866835 
7.730123973760565 
7.778559517403176 
7.709727109998579 
7.660895156432241 
7.994674708020866 
7.748024826711384 
7.753927757564215 
7.574281944461141 
7.81099794728795 
7.66401095758048 
7.596826219727745 
7.447850612240361 
7.766823840697441 
7.637927714478352 
7.594610362493006 
7.657788861517806 
7.701496515368878 
7.606716838308493 
7.661064337134659 
7.600729149704529 
7.659168141845928 
7.749398256851064 
7.905705353783541 
7.743003479788212 
7.877202452403185 
7.631193899628105 
7.880949591664978 
7.816615130895669 
7.8967328499826195 
7.880886223079836 
7.820253520081563 
7.81008307755252 
7.6898338280074885 
7.960336599779013 
7.868061213456101 
7.774480837624156 
7.719954725255922 
7.653166910853573 
7.889529107529823 
8.030203119012734 
8.063399264844108 
8.336751098344909 
8.052674517667139 
8.068854806994363 
8.00779741070816 
8.20888631090907 
8.357288936575712 
8.049378603646591 
8.144539434408621 
8.072862083948213 
8.267020319112092 
8.407564704632243 
8.460182166376828 
8.128054661219759 
8.061653008667031 
8.265462399800144 
8.046258646128933 
8.153355818930557 
8.22934695985316 
8.087062669457527 
8.200876032824173 
7.942824354592771 
8.195757725639233 
8.287232268427267 
8.633496969463636 
8.379964895662981 
8.365170800898081 
8.367589609523806 
8.386391193332406 
8.261263243734234 
8.466895485540274 
8.319885976040052 
8.2434715734814 
8.261161669604007 
8.352569551566027 
8.491246982886272 
8.610047646161965 
8.756580972079162 
8.638914724754635 
8.594712284944075 
8.733865851828355 
8.589468871679154 
8.499203497980945 
8.786279331471523 
8.567019452779519 
8.801036609101436 
8.735429907317826 
8.755873519267181 
8.909632665722894 
8.685611876487885 
8.960332335155652 
8.59188903267427 
8.741841268834278 
8.855439857067388 
8.941782661021675 
8.712925548963126 
9.026707588301079 
9.026340760856627 
9.07767935278666 
8.946804111749056 
9.081297875642122 
9.218107263685951 
8.900888717215214 
9.129180056861893 
9.21951892965629 
8.84021448596238 
9.1487193246829 
9.117787755245546 
9.199530911101636 
8.952338308122552 
8.968384737074299 
9.335367141660283 
9.315690307130804 
9.198259459627653 
9.340212006919733 
8.921294613550748 
9.309533554409802 
9.175465683718775 
9.251328635718574 
9.075394787457777 
9.397049721016765 
9.29178038276463 
9.09668851958526 
9.243645741120057 
9.34944615504 
9.319457924193108 
9.469646988666625 
9.498083637457535 
9.591069160696891 
9.139961734576941 
9.400705942956389 
9.25541638515873 
9.204417952151118 
9.38057767186337 
9.536014972449221 
9.539912282733049 
9.34383992279782 
9.269272195085506 
9.635348676992773 
9.698702806086722 
9.492415542380158 
9.078745473311399 
9.139584332937428 
9.574309119988241 
9.529053267402375 
9.691300394148616 
9.468413338097548 
9.708146227222777 
9.747957649558934 
9.657858604765913 
9.632895294730933 
9.446623668275844 
9.77045501364669 
9.712023708036654 
9.523299232071599 
9.636179394832697 
9.607225269236347 
9.547873738314033 
9.731885989263079 
9.770537595049642 
9.693923279226414 
9.945654360281683 
9.719660064200577 
9.86726474849161 
9.834197571045381 
9.497123187450274 
9.621547607589541 
9.513227590469281 
9.470724762113813 
9.563447137209803 
9.534693506981261 
9.810895349371862 
9.635963138493882 
9.712034856696448 
10.08361696022757 
9.84181094566386 
9.990118131664914 
10.07971701788038 
9.768798838281999 
9.80575378119899 
9.756569881458091 
9.717465019174131 
9.982886210148923 
9.620878642938079 
9.6709298536126 
9.55356601202578 
9.34313871505135 
9.684136366371183 
9.756402206217988 
9.686655246968728 
9.649425725965767 
9.825397609854202 
9.843731667963425 
9.692820579678909 
9.372233947389875 
9.618609741243219 
9.519459810341566 
9.696773927822184 
9.62523066104513 
9.52964357680628 
9.591744534235222 
9.64791433562962 
9.617424282110605 
9.766034099254455 
9.53321273221266 
9.555977644104557 
9.781300927467973 
9.50542907978912 
9.593331719703592 
9.43365480350785 
9.730043052106222 
9.505369372871394 
9.456496738622796 
9.52661466375299 
9.503515828101385 
9.448585263506809 
9.527825348481489 
9.293174360581721 
9.164075315717826 
9.47556278011216 
9.324845479062368 
9.2851074786817 
9.120809126821374 
9.271547190734639 
9.147165175210933 
9.105736255916232 
9.531156748666891 
9.656085588482611 
9.76268810655879 
9.575943567622792 
9.747523409520022 
9.775106153033237 
9.679200388501513 
9.740833466849828 
9.97711241056615 
10.097598825873852 
9.377396826151767 
9.581865967223193 
9.707936032140294 
9.304418736951945 
9.611737433273397 
9.417797692532433 
9.60012482419371 
9.546849978305953 
9.773273852754066 
9.91998676174508 
9.923363773607207 
9.74572370623919 
10.013656608807366 
10.001227409511383 
10.022146401150856 
10.002699326014868 
9.763845062271587 
9.492680379446767 
9.750696513792022 
9.941834126537591 
10.0508053286174 
10.177895013341317 
10.13423017651725 
10.066309504410542 
10.270617343626654 
10.236721898622314 
10.254473532978972 
10.150091208000807 
9.788436078396813 
10.161063002586005 
10.088549951432018 
10.277064300169808 
10.238176144974076 
9.919856543749681 
9.851152494098246 
9.798169436786738 
9.727970043412299 
9.837204756315518 
10.003711122053156 
9.849708835462469 
9.91543591867232 
9.7192651007429 
10.105866596088466 
9.908265489641591 
9.869281449213103 
9.658085151679021 
9.555943879320836 
9.200641880133366 
9.37647008336602 
9.619071851271341 
9.877094831226163 
9.67887202042657 
9.661030543791258 
9.465608783829907 
9.247515701057806 
9.509910477452806 
9.10215074133716 
9.289002363826148 
9.260068118960442 
9.48089016081312 
8.944146857883537 
9.16351342564125 
8.821575340723747 
8.983827171036856 
9.151959482623212 
8.933184075198275 
9.000553714393607 
9.57471999357449 
9.184890648070256 
9.543380740408603 
9.342129612839821 
9.408485062872618 
9.424532737928383 
9.157474375204941 
9.188436247147987 
9.37120900574866 
9.352139277237724 
9.36279531424 
8.993930116350327 
9.10477805850633 
9.001938240202138 
9.134747332148276 
9.061142138120447 
9.437402680960579 
9.256595475868862 
9.292272788978167 
9.4450276665598 
9.26408603957486 
9.422185897067557 
9.331943485844162 
9.65444080937273 
9.366966039484593 
9.1629161802611 
9.362048589073092 
9.323259547672555 
9.329095489262086 
9.405738107793225 
9.514281266629078 
9.144164023714838 
9.399578021779082 
9.455227865053606 
9.324277637654767 
9.335058365366278 
9.285335138084603 
9.349778646619772 
9.056458303150462 
9.465586774922599 
9.372676797981324 
9.759367152516825 
9.681031507313362 
9.3316656011724 
10.135784396658195 
9.694144327167729 
9.22778788423256 
9.268479888124647 
9.681105818617585 
9.437727372746787 
9.773208408919169 
9.67945527451137 
9.820163315202974 
10.026446979237331 
10.069727037509104 
10.003365117139772 
10.194246364180728 
10.20237824124021 
10.393219213235822 
10.166294173784479 
10.40402984258427 
10.364617365089748 
10.589143708165581 
10.477963090384678 
10.532670436290061 
10.129514405201174 
10.383365583459659 
10.450136156352135 
10.495733535013873 
10.664421258030211 
10.622396547727606 
10.473620421253017 
10.572160938390896 
10.587239167684382 
10.485370561104157 
10.436197991802494 
10.548441875955053 
10.372632452774761 
10.386651863403046 
10.37883374310684 
10.448026974973814 
10.433677393262316 
10.866910816266184 
10.808905455381668 
10.649369351136938 
10.854795693362576 
10.887968603431968 
10.508618255096408 
10.466095103377985 
10.596162092123935 
10.762752055372847 
11.186676213905818 
11.171914647925075 
11.637462087047268 
11.59328452516935 
11.460785037048579 
11.333088004394657 
11.49781502917144 
11.4014654476281 
11.313214843999779 
11.33572928014391 
11.530359034005063 
11.534793332585503 
11.669998463028362 
11.506313950784936 
11.606713840077575 
11.52806757387574 
11.457877957449499 
11.361004564020037 
11.588401575554155 
11.76600143716567 
11.517130551139273 
11.222193144985802 
11.306855145639284 
11.423903751425588 
11.459685289083033 
11.531558119358365 
11.648791864175058 
11.603710275293906 
11.658315324446217 
11.804233488227657 
11.51086228144226 
11.344433843976327 
11.51198573323785 
11.385045717480427 
11.088085223611168 
11.51077358771561 
11.479270157172857 
11.796441514017218 
12.119820349290773 
11.77324173381988 
11.700750750408467 
11.880576351930763 
11.780637361702576 
11.832392518960475 
11.732634003295978 
11.626607695345362 
11.793904074340185 
11.891274699542587 
11.693291188272216 
11.702998626750407 
11.754232134556045 
11.701660022919057 
11.736726658667441 
11.789023760199662 
12.004665137474596 
11.733740805215652 
11.732821549709108 
11.671548663730766 
11.406314583421146 
11.754567755928019 
11.761132702845313 
11.757224457162547 
11.508862694159728 
11.685586001011398 
11.564733496247808 
11.604870719243666 
11.38655778569641 
11.748264872880975 
11.881360901258708 
11.745299569655034 
11.766378607234628 
11.584881696330589 
11.607384899619571 
11.595634505150244 
11.611255416745763 
12.016407234628282 
11.712167621209232 
11.635601554952189 
11.691131046454942 
11.549360711789618 
11.495257062312582 
11.680031616735514 
11.692114566078656 
11.58111435948431 
12.121154756830732 
11.654947789230656 
12.040624688980799 
11.803922238193278 
11.849348218458603 
11.775960688998943 
11.925627017805697 
11.679470545388249 
12.244600536909907 
12.241445939410548 
11.913186340650995 
11.930525043745593 
11.941975896335647 
12.050712108254348 
11.916908127021031 
12.141615002656701 
11.925126754836356 
11.702609651951342 
11.897337808995049 
11.997119486164513 
11.767330288041231 
11.698977059225152 
11.8716701728642 
11.610960213491078 
11.550272691115845 
11.61584054130086 
11.555957693237065 
11.657414998283855 
11.33092237489356 
11.483170838265714 
11.487023446054138 
11.591192228035053 
11.236965603652353 
11.458395778806446 
11.071562352444342 
11.226326152945987 
11.371025774664323 
11.182921935988198 
10.913549904105608 
10.976718509183744 
11.478061810232852 
10.8823806963978 
11.17227083427271 
11.383449411347513 
11.221491333496328 
11.344944541337625 
11.25409809323959 
11.484653242400016 
11.23130091942432 
11.241642266065298 
11.23900828725512 
11.44439155313748 
11.59366455293479 
11.274340785134882 
11.554087610568788 
11.45433899958916 
11.349874967426997 
11.004764942793953 
11.629916476722398 
11.280673593204597 
11.127288037543515 
11.334877894543999 
11.498513046333462 
11.507375683208924 
11.431463804679852 
11.582874929902616 
11.938898377643667 
11.858010141462794 
11.696736826681695 
11.681180428167545 
11.466103986518718 
11.403788536562953 
11.595446791167962 
11.61788176767035 
11.590202592819754 
11.549348499472346 
11.673212722403859 
11.586648821452437 
11.527144623238145 
11.880765363925311 
11.657285850177693 
11.594483770619735 
11.56949004635716 
11.674142734778926 
11.59989786505829 
11.663121384942064 
11.559455188425398 
11.516015472289766 
11.764131668161136 
11.619246836224322 
12.011860772517233 
12.23177413467349 
11.68761492112825 
12.011360154496206 
12.133631757570853 
12.101939348045928 
12.111769813727141 
12.050498247765216 
12.204931232720531 
11.97543060020333 
12.045559202983611 
12.17367145513606 
12.303655946305625 
12.119683300109163 
12.296289452714836 
12.279553726947688 
12.048088360535276 
12.35355022109085 
12.308952141418999 
12.330148883234095 
12.464255277429785 
12.025409517187612 
12.013204927247582 
12.214785630080575 
12.781349525570146 
12.569849281698092 
12.806243303238134 
13.101238541058702 
12.794924548461772 
12.70600284360269 
12.562666449779936 
12.876689295181185 
12.696882738541731 
12.843833826371863 
12.53209832372697 
12.66239550972355 
12.491368429739268 
12.697417912404527 
12.462556430755763 
12.476557962112603 
12.05256445096559 
12.246970747793357 
12.380714194424208 
12.412388022868479 
12.567841321073004 
12.54965820002974 
12.72221009557226 
12.593146314070152 
12.437809113943649 
12.779772153240954 
12.854975141374997 
12.392395468199846 
12.522039282598106 
12.535192117583058 
12.033928988237271 
12.231771501522402 
12.526069881724498 
12.148109052087529 
12.489947491408108 
12.648363097252707 
12.373217316148256 
12.510603074827195 
12.241970606022463 
12.300255435499336 
12.230581281041232 
12.75692072804203 
12.82220667438111 
12.612276654388666 
12.511741312719366 
12.932750563278608 
12.920772171140044 
12.810131502469002 
12.652830622617902 
12.484443360299695 
12.958088500392241 
13.110811949377833 
12.701552987485382 
12.727297923510557 
12.582173460021162 
12.691403387406002 
12.198520502271336 
12.368945436736189 
12.530696701375206 
12.820049385859045 
12.661921776676149 
13.168177416668334 
13.152370629228976 
12.882987405978584 
12.582244484048953 
12.68344870389926 
12.718089406766255 
12.636313951538886 
12.762370291821682 
12.833829318203483 
12.74124046978058 
12.563436734565695 
12.829778771521799 
12.404292389765581 
12.520403522349351 
12.989322289839517 
12.765763488868865 
12.765369192215587 
13.07640716998892 
13.116908695004588 
12.885616039572861 
12.664112771131492 
12.835514368802432 
13.038979022750205 
12.57218975196505 
13.041471668433038 
12.379343895680677 
12.733715219503441 
12.608961789597469 
13.117249727095539 
12.733136787274207 
12.878800569654116 
12.880966435974644 
12.912883170401967 
12.885258683128011 
13.00855697563888 
13.313675265242551 
13.179727008669879 
12.928856593000722 
13.486894438115696 
13.320433610172831 
13.027060837319715 
13.657192272952603 
13.28289212361166 
12.853091202573399 
13.022815912192144 
12.976031483376001 
13.06433816299305 
12.935468345978466 
13.120456927002987 
13.520732483925594 
13.187914427034437 
13.239960573359372 
12.861060214718457 
12.781500449426673 
13.174783625866377 
12.966723735877155 
13.163849521136585 
12.884357228606147 
12.795229385565122 
12.96321611088302 
13.13365990412261 
12.986193724302556 
12.915443590097702 
12.657045094875675 
12.927312777028684 
12.86557907672685 
12.590648732845446 
12.77573680391346 
12.68372707962262 
12.622441392945104 
12.708543823742142 
13.216462273732146 
12.99058287439053 
12.771074371487817 
12.859185522755908 
12.769400542770036 
12.770535689950222 
12.813741976300934 
12.76959416857721 
12.977329255055077 
12.772057186951269 
13.010412648335485 
12.738444453151898 
12.984355272746063 
13.091807389285904 
12.93538541107795 
13.307328978982131 
13.048900336978408 
13.356813672171018 
13.203481536562531 
13.043261246625109 
13.286972104255419 
13.377112404492905 
13.25418091643114 
13.472055754782831 
13.451702717753404 
13.397599424609334 
13.29789613974514 
13.341405040540355 
13.312580433908412 
13.414438127929662 
13.347306144385586 
13.67061316920635 
13.417115325597248 
13.537633409336717 
13.390329795945751 
13.193091458329837 
13.286812479510028 
13.262990388722645 
13.676976848879145 
13.313085154453216 
13.114990621554693 
13.550153041910258 
13.747655184051988 
13.482015220863277 
13.672585877352143 
13.649676055099816 
14.219562678939539 
14.102973607288696 
13.687973434241663 
13.610363169614914 
13.611850276535296 
13.840863284389904 
13.953851146777186 
13.891785763048468 
14.004745111578286 
14.227660608002866 
13.956285520073592 
13.726180070763208 
13.854972894105822 
13.581363993555271 
13.525074550352024 
13.662839369068909 
13.493434441851237 
13.996841446184266 
13.681534369005316 
13.684922972654201 
13.532616405314673 
13.215172268250024 
13.47013316841766 
13.478835370685221 
13.965702727505963 
13.553552814430903 
13.42594337676581 
13.775411410923125 
13.667608317270362 
13.837077900135096 
13.623947902802456 
13.994518163490211 
13.836088653554182 
13.84849572075119 
13.783571045536902 
13.73668751814293 
13.794141899725803 
14.217911739264835 
14.006446183072782 
13.97572118663208 
14.137023209351469 
13.805214894072613 
14.321836892441695 
13.94510122290869 
14.190021742980566 
13.832019273847012 
14.163013186369453 
14.209825307234329 
13.952646939810021 
14.255158508711892 
13.792023208496017 
14.077591340086794 
13.813808344743256 
14.172823795435608 
14.149301327598605 
14.094594976258833 
13.883825409942759 
13.834183727492626 
14.405924875453005 
14.633457386272358 
14.323912557096117 
14.348874839956586 
14.464809848880764 
14.168247282217667 
14.067104210490093 
13.940336053841872 
13.840722229253329 
14.032232461551022 
13.877647316407078 
13.87488797923011 
14.139166608410312 
14.255066562504204 
14.304109582492794 
14.121412278229487 
14.058923544317027 
14.757083746431787 
14.792092776442823 
14.352900032367028 
14.39474714747747 
14.938875715608019 
14.448242112741287 
14.566670213597417 
14.258431426926785 
14.321500465675834 
14.41408101953082 
14.365194157531178 
14.510579175764917 
14.093008501322094 
14.605737614149376 
14.424519605068303 
14.182764280776178 
14.37276213950787 
13.902300078088013 
14.405471069428662 
14.55504838739715 
14.65979113279454 
14.575191523100457 
14.785446855107306 
14.35532526411878 
14.650571581994765 
14.332898448553827 
14.52222530852581 
14.480030795759536 
14.641270736157008 
14.346707806161627 
14.704918462381416 
14.380567123182805 
14.223601372650776 
14.139189571094839 
13.697957578400189 
14.231287453094755 
14.107546819147812 
13.712360910978546 
13.94574903861849 
14.010880614938738 
13.644015747456693 
13.888489234224743 
13.96582809948202 
13.90010709109561 
13.652130808658706 
13.877120967383052 
14.321728040852205 
13.903255762002326 
13.896034489660376 
13.677163780442282 
13.804983213147887 
13.800294099500439 
13.464467744174131 
13.710771272222338 
13.766319342927428 
13.599723612374094 
13.357081330384935 
14.058546035511661 
13.529242458326477 
13.71088380715719 
13.487679443276264 
13.368432216105385 
13.406155100739731 
13.239546167183441 
14.108736523381307 
13.70724950914923 
13.591571363021206 
13.48429563263028 
13.484066965815797 
13.465249440250671 
13.83937620693596 
13.776415783678843 
13.670255076445365 
13.696008480024021 
14.175066736941426 
14.01102495094546 
13.952859040781663 
13.702363554661746 
13.860112071638714 
13.88369363972727 
14.023235127406489 
13.951224691168255 
14.345918554922724 
14.086144467816512 
14.471343760923892 
14.345957664380435 
14.12162962937883 
14.25648632509767 
14.331511018464823 
14.15393960556245 
14.435185317622537 
14.21936274355086 
14.358405154547066 
14.323859442596403 
14.096505768477098 
14.241193498189853 
14.087324354828842 
14.538567813072916 
14.289892960053312 
14.484799073137317 
14.244582471859857 
14.518535586765307 
13.847834735122422 
14.530692326567676 
14.252755643964985 
14.653306328447783 
14.337206025777688 
14.743531127744637 
14.875517575238954 
14.623602168685194 
14.720864006609009 
14.543642954837296 
14.314271016661648 
14.306273731507613 
14.257076931115444 
14.231492535032396 
14.271092653357424 
14.232095356561231 
14.076996400998599 
14.185704077229161 
14.200557609578135 
14.495574131083353 
14.18873498125958 
14.314153144232515 
14.319601409159596 
14.404094656430908 
14.257904866204253 
14.526798950138227 
14.26757274169845 
14.03290060212047 
14.228298861204442 
14.794275858155542 
14.72840087498023 
14.740349327168005 
14.232646280134071 
14.535162007301528 
14.435230678948939 
14.39347536250741 
14.463075860049427 
14.610354598803692 
14.313339132667016 
14.54764995080922 
14.515144250989458 
14.917928679304588 
14.720978452774547 
14.819257938308922 
14.365520514722439 
14.584301556622517 
14.513676938740412 
14.815926304102906 
14.910713395592545 
14.59635976985817 
14.925636733616075 
14.841989055923465 
14.76625064005124 
14.74064017067203 
14.771178737866949 
14.269797650008812 
14.440071934151701 
14.614445305469863 
14.6395279703345 
14.699430860849489 
14.422922112383619 
14.433750747438072 
14.255921718295832 
14.43709815114443 
14.583263639207601 
14.294744350546885 
14.19442318404185 
14.319699725554527 
14.285938090082652 
14.480203449327089 
14.866987919547654 
14.613732658008823 
14.434360378073524 
14.163730806292207 
14.319083420486763 
14.358115441254684 
14.729114652468938 
14.540524854363769 
14.17888036737304 
14.13668612249795 
14.367515474932961 
14.393463156296193 
14.04025237133048 
14.047906311117373 
14.642093350472189 
14.42414211462409 
14.224836608652254 
14.05111464962926 
14.193005917413839 
14.147811916538164 
14.23898208522401 
13.821653153994339 
13.903001804012346 
14.068405613498605 
14.20175384284292 
14.11193139424017 
14.224791111337067 
14.053609995262814 
14.119290587074078 
13.677151473917665 
14.075396292940573 
14.128466660710489 
14.168739636206489 
13.78771690239018 
14.079509776860675 
13.60379557249383 
14.038883780182125 
13.849193745134698 
14.22675657965543 
14.08872166151447 
14.109429662021398 
13.873333671059143 
14.058578069555765 
13.989041246735523 
14.034878958339183 
14.065873541944635 
14.084246068319866 
14.202576825862687 
14.199259686067427 
13.998353061789985 
13.701507033162674 
14.079393527896103 
14.222308664834326 
14.122407715914749 
13.955139753932716 
13.940495408666504 
13.902151106936355 
14.108654901754534 
13.756807972896912 
14.209871400086497 
14.052207629121582 
13.925797648718376 
13.915229888772126 
13.935232632244539 
13.701644392370044 
13.43296391192458 
13.74197982937212 
13.574710537279248 
13.67034078299766 
13.537076910362567 
13.580104459781753 
13.298708646415422 
13.602092050662549 
14.263458275193582 
13.992851792947942 
13.730860578265446 
13.813233182941433 
13.55930202630412 
12.954538380586564 
13.397215835579011 
13.274665757279555 
13.313597343713093 
13.195304984189434 
13.189579762858232 
13.305506734025688 
13.191516147733193 
13.31757664062719 
13.185203087663709 
13.148917731016851 
12.954385344853117 
13.290143350508552 
13.522094092036662 
13.13124914701967 
13.40421112923655 
13.508078196067737 
13.221258625523113 
13.46359254554231 
12.944555696394321 
13.487088602730974 
13.520534163728186 
13.211294059860329 
13.4389430717009 
13.882139006614342 
13.575851136634359 
13.681978244774708 
13.437007652653492 
13.607141114068886 
13.405468118098856 
13.356407976330232 
13.765886964817408 
13.691455996652033 
13.865433693938952 
14.201262853561968 
14.268705279259864 
14.315599644623054 
14.274206821725222 
14.23236943324088 
14.061591540335506 
14.355566148556452 
14.290761978357297 
14.531631864916543 
14.694791496807218 
14.5800275418035 
14.38826964271727 
14.238425028169146 
14.515748575350875 
14.374670559561086 
14.11029067889658 
14.311623931234003 
14.015269415807657 
14.129651441663508 
14.215639730871413 
14.136881901720818 
14.066037316426662 
14.073029159054656 
14.25795292402486 
13.974143054043406 
14.107030492285983 
13.58343349359318 
13.938974266492755 
13.888659862224337 
14.358229310651604 
14.372476548587699 
14.266714764795118 
14.457608458730908 
14.597206656167387 
14.427562082343453 
14.349162441040262 
14.261314155846778 
14.186820553724427 
14.115390211459873 
14.458012271504428 
14.425434255200477 
14.246405166296874 
14.691716218280817 
14.86982122731894 
14.661061822298802 
14.647930404234685 
14.311136238990814 
14.38671234802758 
14.302618618457824 
14.161302148277718 
14.183409841437557 
13.968670065486869 
14.044762487512537 
14.60364271877075 
14.695984844632559 
14.95531967297642 
14.734902993012732 
14.836795398601987 
15.221896807544173 
14.870572708512073 
14.85751399612088 
15.104651635201053 
15.091176490376329 
15.357727269725263 
15.36160789902935 
15.479217589022664 
15.589247712144743 
15.013157328071719 
15.011786527555502 
15.433315447000348 
15.476855068853881 
15.110861750269468 
15.378082365747616 
15.183222784114077 
15.283245918929484 
15.197241326962837 
15.572931278191383 
15.376410431285121 
15.347187964862053 
15.34169904276196 
15.08006418448563 
15.554351075712141 
15.435015503208005 
15.030618747167852 
15.120370330608315 
15.092361294282163 
14.999897591332289 
15.243303757602288 
15.257607789958563 
15.148563633932838 
15.130897570232424 
15.580886877954978 
15.915203159471242 
15.399473858376108 
15.55223123261962 
15.458306406505605 
15.297695034660114 
15.855389874320297 
15.292792611447844 
15.63373335930598 
15.670775336399368 
15.192331249732566 
15.278769543280275 
15.483518466933678 
15.54366008006477 
15.532562850832804 
15.51836473560342 
15.718904975559061 
15.626618326387453 
15.47365009674738 
15.757597433735457 
15.46884299622452 
15.572801361538453 
15.413677088610386 
15.391127027392983 
15.457379242072975 
15.659024957049398 
15.84183374213299 
15.353556946737982 
15.861251153071628 
15.68849933256943 
15.898112624849894 
15.600673080766759 
15.955637793733478 
15.758495242449198 
15.848203318101689 
15.671003133757702 
15.979683788861253 
16.050870414852234 
16.074445198350865 
16.217660115080978 
15.893971665838315 
16.035453173945157 
16.059671402442714 
16.24844062634677 
16.02930014693933 
16.71378598527778 
16.118210246804846 
16.126397863848897 
16.211045328348003 
16.20159112586949 
16.091599776832307 
16.197890438468455 
16.396066603357742 
16.353319936989966 
16.529580537036058 
16.348455879688476 
16.291272113148246 
16.304966540564475 
16.571713564950773 
16.58496306904346 
16.66823792829544 
16.477622835595724 
16.132271691853507 
16.17989193016121 
16.296806159967694 
16.416811768117917 
16.445968344712234 
16.613476145222393 
16.382295873026262 
16.533090203344532 
16.289880019547155 
16.334505416466072 
16.201741574910777 
16.46208475828222 
16.31627065170573 
16.34078173095791 
16.48393297073832 
16.391782823688107 
16.295776770184414 
16.31065971032163 
16.382804511305988 
16.298483107606426 
16.435861839071748 
16.217752280503614 
16.55168771814395 
16.455491448068095 
16.508647348175764 
16.737465898622425 
16.43470788996329 
16.316403844992035 
15.942825349132567 
16.088534069350406 
16.169874985163407 
16.093885856755552 
15.82431627753516 
16.048565389079 
16.146322860769434 
16.59024712182449 
16.260490932506045 
16.383127514301073 
16.302682240465963 
16.46844876341742 
16.262517947918266 
15.818040882754481 
15.75652471757441 
15.685854819250086 
16.17718956728821 
16.219455199392254 
16.375911449087972 
16.17847368616726 
16.26681144467958 
16.390784558359233 
16.087834110866446 
16.180690390336235 
16.167578208139602 
16.090679833705295 
16.114871650292162 
16.408250900821937 
16.299234204129146 
16.295296480703033 
16.048373731441842 
16.13041631678788 
16.277921037688547 
15.716031735171581 
15.741481866626005 
16.01889151820691 
15.735198006178784 
15.723805837548586 
15.80167024652139 
16.086492515666585 
16.130669466670156 
15.994358474164198 
15.791840995226968 
15.418493283337883 
15.812215718715144 
15.593840431794456 
15.940505363157914 
15.769493042732586 
15.907158831620745 
16.164489031421663 
15.953928176584823 
15.98888892952617 
16.19117853913577 
16.085995773944173 
16.0282775638093 
15.731343381472682 
16.267264172864593 
15.841405547791132 
16.10502667341858 
15.514023510245018 
15.515319787727408 
16.247102060434138 
16.471082290611072 
16.046666438848643 
16.118406931684145 
16.05898191896296 
15.862837800058688 
16.078608935132372 
16.170680659123104 
16.486485755693703 
16.622815700092424 
16.972767802146986 
16.755569555924005 
16.743419759216035 
16.67415584590766 
16.863666357182492 
16.447315903868986 
15.79211996426413 
16.24987889567889 
16.29948359190909 
16.37436387693298 
16.01056738562977 
16.404589035096645 
16.32396707232495 
16.575435682999004 
16.10399415804335 
16.287067183837898 
16.06130331838871 
16.093109838456403 
16.497818934505236 
15.876083375101938 
16.371870757265945 
15.98072767002742 
16.31526998712483 
16.495199555338974 
16.49153120445508 
16.40230232600676 
16.208123739125988 
16.12278265021962 
16.422494157663188 
16.661059336292844 
16.790002746103323 
16.42581999503556 
16.509095058998863 
16.03416142643382 
16.255787232740136 
15.883657317680893 
16.16901237740698 
16.21582841985742 
15.884116680520451 
15.791820646645192 
16.20410731260989 
16.191813338593192 
15.911121370778078 
16.401084911828683 
16.377210515445057 
16.233166232633067 
16.12719665148808 
16.314094244396625 
16.066802159914545 
16.415794346603793 
16.237031384995408 
16.572689079267253 
16.30850629697965 
16.010768249498952 
16.119561901211128 
16.268217114346566 
16.08085362161539 
16.073606568840606 
16.090465379256084 
15.994879007143917 
16.132827298037764 
15.81570139482083 
16.516836346102128 
15.915619993044523 
16.402522392167878 
15.777661415173625 
15.75840893275838 
15.848929293672764 
16.08590171137283 
16.222953912454244 
16.165741682175437 
16.67508909533111 
16.27594506140397 
16.558741664730118 
16.48450335124152 
16.330484763297694 
16.422270653007832 
16.332570496888813 
16.566649814786267 
16.04817852159322 
16.383463577058592 
16.681361122519935 
16.696875059329795 
16.542549530963914 
16.6818810601529 
16.509444838962427 
16.35267905214227 
16.105901215541675 
16.614307957989073 
16.694513044447014 
16.248027479037574 
16.050465891400663 
16.057352225379713 
16.44273320169758 
16.537410694841657 
16.39216436106526 
16.445796332584678 
16.785619500601456 
16.49287366069397 
16.68455139253093 
16.291850474892147 
16.036758358589708 
16.1361430203221 
16.507565858151747 
15.699018296990289 
15.67902086530401 
16.331249744866387 
16.203172028429677 
16.060354890109473 
15.892444880098958 
16.37850770488636 
15.913342389381913 
15.862065600843534 
16.31017890208344 
15.99196722458189 
15.868777164086858 
16.512586691330558 
15.777725411695469 
16.121716713863428 
16.139620392275077 
16.301533159148075 
16.179023216841664 
15.92175181566131 
15.670354500042647 
16.442671729170083 
15.730914760167613 
15.920962456626807 
16.031572401343638 
16.228545157489176 
15.84469752666375 
16.037578178556956 
16.081294811209087 
16.10402395495793 
16.441799792355486 
16.336527132504305 
16.40455350655221 
15.957710279514572 
15.836336320802378 
15.674337953632703 
15.819434060037254 
15.642278507140547 
16.12530863417365 
16.002385977445968 
16.286493353627595 
16.299206521023454 
16.008156508147962 
16.161090568546573 
16.14595716194825 
16.362509138012594 
16.246312214267338 
16.175775849081848 
16.551146617314078 
16.49193135203538 
16.337791000867014 
16.078358604069066 
16.43890361204933 
16.428145768885624 
16.31466184365789 
16.1373499013058 
16.91301338326366 
16.3179963006331 
16.59655364997513 
16.474885480776447 
16.512838955288377 
16.36780813376527 
16.55189345987596 
16.57222360003134 
16.08647341630982 
16.181327730493535 
15.914203923899827 
16.176790704306107 
