# "MSD"
0.0 
0.5163789520534068 
0.757066628679015 
0.8922725013777318 
1.0042348896270905 
1.1201815287160601 
1.3889093980486482 
1.6574487683275931 
1.6878308897289866 
1.7399567510442595 
2.0418754719884014 
2.2202012753179097 
2.3399627114341066 
2.3920212721454357 
2.3991453456530962 
2.2920184886375927 
2.348856184885062 
2.441516173499028 
2.5714129773693184 
2.691280715766091 
2.7286948476086788 
2.7242470783859867 
2.761853101025534 
2.8897243984192054 
2.9270779066358976 
3.1157688142136895 
3.2510657338009548 
3.2441155268433386 
3.0161903068326654 
2.995134083882677 
3.1993692039284007 
3.267099774446814 
3.1702335362549783 
3.0830349184720753 
3.0031920284376685 
3.2472775762825425 
3.2785000780604565 
3.118092672310816 
3.0557195078081527 
3.206476833210899 
3.3243755073596 
3.4082363773383246 
3.4772301677390836 
3.413945601329391 
3.5222987279559534 
3.292864686295293 
3.3497976709492177 
3.530363994373182 
3.6570624858565046 
3.8045747246331234 
3.4434281831824087 
3.516583068244228 
3.3953561829666388 
3.6802340714558848 
3.479750356544762 
3.7758197113795147 
3.8554574439553204 
3.9744233159571545 
4.325260527597303 
4.065250693034659 
3.9733768530468696 
4.1870104943820605 
4.411249744203311 
4.441413904528268 
4.226689338802846 
4.612612825913736 
4.530086213244044 
4.796981886234217 
4.543533955702535 
4.455092602286041 
4.376180900400104 
4.428737274864807 
4.389629263442787 
4.267050670058956 
4.662533085504537 
4.579843788171742 
4.493543172736317 
4.5046132497149545 
4.720297839920094 
4.291220596730586 
4.569723888672915 
4.696136071459253 
4.850763284581351 
4.917281257596101 
4.937290254524333 
4.767943951523265 
4.940499145257139 
4.958768863933977 
5.1460700224071365 
5.129452981018153 
5.015899294911516 
5.5370857829408076 
5.1761220571540685 
4.835119200305739 
5.007305760007109 
5.246688495748464 
5.000539073655847 
5.166578671823985 
5.25915052874401 
5.427364943865166 
5.4688264208309425 
5.594682939440639 
5.443890444420832 
5.6052961603616875 
5.650199920343768 
5.511562617547285 
5.511692069421349 
5.625342606558506 
5.609597536255714 
5.690778634670098 
5.780686320971018 
5.710540168106104 
5.9834157676600865 
5.811004294003839 
5.8318794058714065 
6.171242718510648 
6.200180136026079 
6.331570798109584 
6.2856999811906284 
6.197744488575659 
6.49511991803979 
6.45662494820511 
6.436944140897377 
6.8635555445762675 
7.516984554093348 
7.742341335392195 
7.122264765353858 
7.46735494303976 
7.5625015041355255 
7.183705311612885 
7.410193679633032 
7.35998922677601 
7.519556319526414 
7.754794903099087 
7.472032356718095 
7.337095223670503 
7.424415579349081 
7.164190877626089 
7.459075376143211 
7.363037829791836 
7.220464953826247 
7.8402829666505545 
7.554157983393849 
7.26564034965033 
7.6046127236905035 
7.35328279368347 
7.141372586131831 
7.1154142613973255 
7.34787703247918 
7.413886370009097 
7.499725318764667 
7.520243030180855 
7.821822642271875 
7.520653974552665 
7.687581410215681 
7.300896029700271 
7.6419047523605155 
7.872066529018093 
7.800065985420316 
8.106912001542769 
8.597234983179389 
8.655484520150402 
8.25477064449165 
8.199165625594937 
8.385361969198872 
8.27407723286606 
8.194014592724214 
8.06058766816167 
8.193714552350807 
8.618415500298156 
8.676140484273377 
8.65495767182433 
8.43498008152474 
8.86229658045433 
9.180163693176468 
9.265076770668719 
8.963776435358094 
8.705232551577987 
8.534457839315351 
8.490567921453785 
8.715490701504889 
8.843424701754259 
8.769589128725741 
8.74734714519312 
9.270879614840723 
9.122361677622292 
9.224469228313536 
8.949259886284736 
8.98218556248402 
9.064548786138413 
8.780366918047038 
9.295492623245645 
9.126115352063552 
9.387521898375063 
9.480924094376336 
9.31552336950446 
9.276737348789581 
8.882721523502138 
9.061164153135403 
8.972822910927123 
9.229371785196772 
9.319162115907785 
9.350129176143449 
9.666213190937935 
9.536532933174973 
10.095672920982805 
9.695150861575152 
9.579672439988533 
9.634498411187545 
9.10662435140745 
9.065205105194577 
9.358337269937243 
9.193240315035593 
9.371804763035284 
9.532376094167077 
9.679679493800494 
9.53119539571501 
9.232358961508327 
9.445895879931019 
9.43357210212678 
9.466371024831753 
9.291787518086817 
9.491765367205469 
9.417545769200332 
9.440252741313119 
9.929662965668676 
9.469187831012697 
9.803192962949113 
9.808951412884657 
9.984761242085224 
10.524476338731029 
10.143658635272665 
10.263631303436812 
9.501565144019317 
9.773331799560296 
10.210258593809373 
10.437538967243476 
10.343807954309117 
10.152636860961186 
10.167439970172238 
10.042069669622814 
10.13791383807501 
10.09551884217185 
9.88991191263294 
10.117650220788489 
9.834694000323738 
9.898153770753394 
9.769743868158791 
10.28942648018001 
10.378593255849907 
10.223226229967075 
10.002945822889293 
10.232504645079452 
10.159208218966276 
9.68880866192895 
10.04793584842146 
9.837863054366286 
9.905211079783513 
9.493069518542772 
9.755864860578889 
10.099634479317958 
10.166622629938505 
10.053875689337591 
10.492358248792558 
10.310957161105145 
10.418265221095467 
10.577929311141828 
10.773164047297021 
11.022213073201089 
11.005875402200296 
10.914717343389906 
11.08869202452023 
10.848254000299788 
11.20381377370142 
10.830418602430644 
10.750695233781627 
11.093120884357155 
10.73955874975364 
10.844382386955626 
11.05590031457972 
10.427629990359817 
10.15907601389703 
10.554417743676579 
10.236126045323351 
10.973329792111508 
11.089453726424733 
10.787335949242784 
10.618202233058017 
10.755260168410858 
11.095372745774474 
11.45029986696901 
11.19747939247688 
11.221751851440489 
10.746395185999198 
10.64271402877872 
11.18754190781946 
11.07622548681925 
10.928749343692308 
10.991029314146378 
11.15973620100475 
11.006265794214322 
11.280936520938731 
11.049720410261333 
11.51026390735019 
11.221558978087913 
11.108889857965009 
11.858832929499837 
11.792677051556526 
11.672428772548107 
11.58977192445319 
11.962670135072017 
11.64587221086016 
12.010212345247623 
12.109400032124798 
11.855236673815682 
11.878586663233095 
11.627158267533499 
11.85076897744682 
12.119293774787819 
11.739105666727248 
12.247018152511 
11.993828059122677 
12.540424106124476 
12.577797645656668 
12.728542042835617 
13.122650371356418 
13.332815241956265 
13.318459727199768 
13.824306320921744 
13.120884886036533 
12.86830492675255 
13.23351691482377 
13.194894346566453 
13.083865796562334 
12.783946419727782 
12.902920676871837 
13.159724003307941 
13.349892276840864 
13.058467328069355 
13.131499353505612 
12.905300362135936 
12.591112661800386 
12.803787960183305 
12.683455268211592 
13.26402927788508 
12.610049192737202 
13.322711234762592 
12.521692945499423 
12.31478516170197 
12.483352153882409 
12.922928335989738 
12.732104286374817 
12.591305971056729 
13.141333789118368 
13.120297697603762 
13.343085720275743 
13.208736640636365 
13.248717218829764 
13.13076100189212 
12.72930487481809 
13.409807598059123 
13.384233078194447 
13.590959711391621 
13.549122232772454 
13.635830342785743 
13.255834173152117 
13.485246689015138 
13.160184850592954 
13.296212206877712 
13.214950411239851 
13.089503597921233 
13.548541061690148 
14.047559490441651 
13.754569501020095 
13.559741752073588 
13.869740263377663 
14.154943482984912 
14.50681313254433 
13.620426382647965 
14.105502284436557 
13.99151362895415 
13.99991311321248 
14.132959280159161 
14.519960992651136 
13.999941253303936 
14.033795589125177 
14.454464067507761 
14.72799014666696 
14.71468044249751 
14.484944801187112 
14.594573741709253 
14.47660961140151 
14.30708174687644 
14.886094006211756 
14.9485650486915 
14.285782106292626 
14.887921619697718 
14.788212130303416 
14.747394103466618 
15.13753600024525 
15.369508444918063 
14.942938947919359 
14.779957833420829 
14.958046086854113 
14.920552640348175 
14.735947939155714 
14.573622895105258 
14.58874181548972 
14.526277585032515 
15.041001476245663 
14.603687169234309 
14.78964424522152 
15.413596526247192 
14.973623962150818 
15.282419591520625 
15.45110605552817 
14.90520142234824 
15.424645035158973 
15.919207860338961 
15.764163804824717 
15.555309900640227 
15.432391502843549 
15.731226189819173 
15.534520214360194 
15.747130233358794 
15.9268794757133 
16.302919698122363 
15.783114931854962 
15.66564415868246 
15.546871908892339 
15.916522925096944 
16.052033703149043 
16.220618677912597 
16.59313624271418 
16.468676261834478 
16.38805560397012 
16.78204340981221 
17.122502081599094 
16.92475149878196 
17.28495586163404 
16.88355889711125 
16.98506557060712 
16.971651193494658 
17.027610714012265 
16.798559804901473 
16.645122447069127 
16.66167712153736 
16.92331212278096 
16.69791233570388 
17.1332252408369 
16.781475744587983 
17.05538260377679 
17.920839441498057 
18.406930706965024 
18.77271891440877 
18.773282518229884 
18.514608025301552 
18.4286206350857 
18.528370353836234 
18.18782254979115 
18.209485384149154 
18.641928939396013 
18.915731508949346 
19.201709039408357 
18.597568878474803 
18.70507999470913 
19.10843282943666 
19.377040351497904 
19.93183866564829 
20.17641470124002 
20.498616943069514 
20.87210864808088 
20.58591120503532 
21.022134211659953 
20.43925178124583 
20.365695886632082 
20.153281234971292 
20.53911054770727 
20.685410280873644 
20.80977562047056 
21.64921034881463 
21.02990659912031 
21.38685166739647 
21.462504841434743 
21.333450349556013 
21.600624120300047 
21.683570255894207 
21.844056940084943 
22.225854835174147 
22.35175664071532 
21.904467454965438 
21.732306116551445 
21.68616422384611 
21.72112530206373 
20.81893022294042 
20.463491181453517 
21.83177928909381 
21.965167118916206 
21.76508113102902 
20.93425046678885 
21.23395388411379 
21.303173759410477 
20.864812301797837 
20.82456630157679 
20.20437234864514 
20.17971426604711 
19.973872420744595 
20.5310531480016 
20.35695798273793 
19.859444478469506 
20.199625764663807 
20.163793851286705 
19.590198555014723 
20.187852056770044 
20.177399288496325 
20.509343838199765 
20.507524441006304 
20.658090178044084 
20.705328527363736 
20.878247901192665 
21.12100409405156 
20.905171324840982 
20.62589945799377 
21.090011864322804 
21.606215958878835 
21.622486462186583 
21.190772639419 
21.396617696442313 
20.472783130305178 
20.7726386007883 
20.967744300636287 
20.846469060317688 
20.531948755528127 
21.299256755908576 
21.59068191055182 
21.447055038621883 
21.575947495879202 
21.834250009327306 
20.99491273008047 
20.60241373202644 
20.6019869739808 
20.723491883853946 
20.77140342691569 
20.902524273309695 
20.796073521010502 
20.639987389706015 
20.34916154581194 
20.53883419074678 
21.120182793940767 
20.837199791618545 
21.174175991439395 
21.791307360340905 
21.61710458335043 
20.95417237860276 
21.492964767906667 
21.71586399936393 
21.524738877969586 
21.328135158777034 
21.4167169614682 
21.249358310131235 
21.511634278919477 
21.91003289912888 
21.146485873419735 
21.199127904768915 
21.281651763849236 
21.771744921864578 
21.18044437212161 
21.410896656898846 
21.919143511630207 
21.20301416050484 
21.770382934910156 
22.029863476563747 
22.407397341722753 
22.583657636066157 
22.674668871552125 
22.307819979327192 
22.594860052212557 
22.139066531425375 
22.6831734901838 
23.29010927621086 
23.19745785083825 
23.186279097643673 
23.72723712781714 
23.352981529443202 
23.389084592910027 
23.788295259007562 
23.37556922496704 
23.47495434690094 
23.055634264614397 
23.63675871304238 
23.436520400054704 
23.383472496367762 
23.480561608117824 
23.569506421244707 
23.98657659461169 
24.454769822010107 
23.280829581308257 
23.528732642534127 
23.724363955635162 
23.351817494529815 
22.871425478094235 
23.306467275653876 
23.10351057275065 
23.12235961863585 
23.04245979305428 
23.566147607776934 
23.889663305318876 
23.60844547250554 
23.843003096059526 
23.755912044145735 
23.46172983605753 
23.63117943346278 
23.654951320952684 
24.41339348716687 
24.054562490046102 
23.76057568707493 
23.995097259207327 
24.01947327019565 
24.012425227293484 
24.132462456542846 
24.06873217780221 
24.547453926938708 
24.04490244720849 
24.260491923005155 
23.7879199683558 
24.34830143972351 
24.678209929767164 
24.498416621137444 
24.5988526495949 
24.714406649251124 
24.769629790158593 
25.47498785602263 
25.998484201991 
25.25382023728142 
25.155026734798568 
25.36196674041655 
25.65028493783583 
25.708029969885146 
25.424186691362166 
25.838294523371687 
26.006119831348208 
26.48279513861963 
25.935635194880646 
25.1129688046549 
25.25032100104618 
25.89513523099959 
25.98128749859421 
25.998968207052013 
26.57737631483339 
25.973013394513984 
25.82742326422512 
26.05015686694973 
26.16926886288981 
26.562936391458067 
26.6746921199489 
26.32395560879245 
27.301672298020392 
27.06454724744264 
27.06901920642808 
26.901300082702157 
26.69699397864214 
27.289543286828614 
27.05409582512381 
27.067068868613752 
27.527894952616748 
27.21864380854643 
27.157983108807304 
27.66995141202097 
27.797209835733625 
27.755502120889332 
28.242003856492826 
27.200933400392387 
28.003795650584607 
27.559569906515865 
27.922871658817602 
28.028888351544325 
27.433474011270533 
28.283229165387425 
27.9755945652144 
28.041986404580765 
28.20340881491463 
27.97830874573826 
27.89210083994414 
28.229232782237904 
27.865196337179118 
28.037118506233348 
28.342038575538904 
28.54777658960591 
27.542466349486375 
28.46476578273426 
28.179332442459753 
28.137135306579072 
28.26053845084587 
27.98606086358863 
27.989521710713817 
28.18432515583524 
28.570440093648273 
28.824372410096593 
28.917200764878597 
29.156921645094666 
28.114418986591104 
28.607856568140384 
28.31677019772258 
28.22475692815033 
28.355481567766763 
28.837459952443048 
27.967741094903484 
28.855229465795244 
28.307395134777906 
27.914882828411276 
28.275103127748686 
28.48029241471866 
28.067663123941472 
28.62798480175622 
29.25990762009191 
29.270854165974683 
29.14224930049299 
29.492065420803815 
28.601535653013546 
28.173056458269908 
27.763252517646006 
28.85182757350688 
28.58644986673185 
28.642332812081136 
29.058181009144587 
29.20725469062157 
29.47976590179194 
29.11212144119679 
29.079945608650117 
28.9443092229025 
28.816279110351843 
28.628889945574002 
28.54932725594719 
27.955816729594034 
28.151954237990548 
28.345834878916214 
28.498405888608794 
27.70203156513049 
28.67003647429254 
29.07663894770366 
29.250781448130393 
28.89671784080504 
29.014481787348355 
29.161518301874573 
29.580294046875558 
29.269964111668155 
29.575556417805068 
29.667464320892172 
29.61035575688948 
29.92299430935759 
29.534165405774228 
29.704124956013086 
29.888470742245815 
30.058736202023933 
29.366833781776023 
29.827730833017924 
30.256732317273855 
29.630986521622663 
29.964953026332473 
29.990487580056246 
29.44029044654857 
29.997537018065692 
29.65289397744777 
29.19307501928027 
29.769347998929543 
29.666203850751 
29.38630986732294 
30.545229519248117 
30.0062559362568 
30.814608579026796 
30.10536598312047 
29.83133206975352 
30.117033330195703 
29.59880828880103 
30.398802289819894 
30.799862004699733 
31.14721221590618 
31.087994743183568 
30.625570186738393 
31.32207266343671 
30.760944817943557 
30.517006622974165 
30.869595050949716 
30.48039687464393 
30.533119441658013 
30.251428566485462 
30.191857191006804 
30.82303004787032 
30.330867806165557 
30.110594715757756 
29.603900722598205 
30.142486159485195 
30.756656845388846 
30.570425635213272 
31.85506880249473 
31.116766125375854 
31.91875865569735 
31.427398865738695 
31.026442523259227 
31.008471023924628 
31.730047778521627 
31.620911800335307 
32.551996176154084 
32.21619673447212 
32.74029298042732 
32.21100248365743 
32.2237489762313 
32.45637403465907 
32.66748901868496 
32.26328917801087 
31.49425577118936 
30.82719063822137 
30.560136162426573 
30.409875051202043 
30.8107526894758 
31.266333555026037 
31.43171339011786 
31.600350833703537 
31.5085746072821 
31.253998702601372 
31.190408353443402 
30.44308019320485 
31.26270132443101 
31.329797033481213 
30.367247694492065 
30.368801890157236 
30.107410923362394 
30.56792222612827 
31.148532212360518 
30.636772688117027 
30.120267168819332 
30.52943294950139 
30.847613988105085 
30.55345523378823 
30.6659487440964 
31.7798339908436 
30.7563544171543 
30.95708915055782 
31.99865259700489 
30.852725393480355 
30.335734988983358 
31.237569123805663 
31.588611830117475 
31.7223510804324 
30.805733125813543 
32.001547487724906 
31.082488489806654 
31.051972930076904 
31.60730519157356 
31.698595966698722 
31.364687505839996 
31.966884433677475 
32.07514426317968 
31.871771650477584 
31.838632346586312 
32.33354141477265 
31.8112945233426 
32.09124499706026 
30.81359837690937 
31.328264267233905 
32.255307338543105 
31.7739986420366 
31.65832298798304 
32.09482906810487 
31.89318979804011 
31.952445899171057 
31.913669403277478 
31.68912442451596 
31.83422562387143 
31.597884594638185 
32.12274061476386 
31.982293495870938 
32.672114067928526 
31.583541828087156 
31.298336890240154 
31.048130219129096 
30.934885416000764 
30.870357100722977 
31.697086563613833 
31.31780171936314 
30.84282746149313 
32.013986928452965 
31.372016787428905 
31.847981880531876 
31.611323612628784 
31.580855712351187 
30.81609567591318 
31.264750262422968 
31.412497666800533 
32.13084188105816 
31.779997145637772 
31.932102692252357 
32.04887834085185 
32.258697880215465 
32.50646180226399 
31.93173892874906 
32.01152251005595 
32.77747375664239 
32.31489397168595 
32.55309553428875 
32.645169390378456 
32.32406629103318 
32.87503482376618 
32.68077391565448 
33.047568468553166 
32.99019779024333 
32.05552779100719 
32.91336503754341 
33.13288791024126 
33.0697023934281 
33.1014957078362 
33.736391962393334 
33.34840945321376 
33.508950713270934 
34.05781822626805 
33.038241952751505 
33.79593551257411 
34.03207073268155 
33.67448575760122 
33.711942024033085 
33.45728442291983 
34.19363569042036 
33.97291330477391 
34.01623435724183 
33.519126785374645 
33.91421748462963 
33.8553927433036 
33.837391565948984 
33.53399331001621 
33.537594403378904 
34.00800768335421 
34.02927584656293 
34.133532405918466 
33.787318089580225 
33.64814056682415 
34.13798497262225 
33.94836307754916 
34.11846707676684 
33.43353039039668 
33.99853870199043 
34.436231413843544 
34.123541564270525 
33.51434567177161 
34.39780795942174 
33.36430560097967 
33.48448671244565 
33.338227835412894 
34.54459268456788 
33.91288612404441 
34.87679385019956 
34.37982001229419 
34.18152073631779 
34.40605669958116 
34.39631242932799 
34.4214464222663 
34.443999363896445 
34.776620696639924 
34.27454233701428 
34.18553202674344 
34.25568891621745 
34.652929790144185 
34.32470814323242 
34.134086949705896 
34.65094232834767 
34.5672987694873 
33.743694074143356 
34.69879766969945 
34.614711214675786 
35.35074929591568 
34.91083597959212 
34.64876635351438 
33.798986575313215 
33.94858714461567 
34.87974708095096 
34.72214851054825 
34.7013837959435 
34.80141338020256 
35.021847720184105 
34.78109654667331 
34.17314950535686 
35.3826964998465 
35.35171450021166 
35.53998043547267 
34.97670740733403 
36.51538226703232 
35.393840304103044 
35.69252077208204 
35.8107466251535 
35.56842370894105 
36.14029821640191 
36.008348018702414 
35.703540079151104 
35.195617622472454 
35.975365193493666 
35.77140859720569 
37.11136644189458 
36.92949523652027 
37.61298274708873 
37.460521889294974 
37.479031920429634 
37.65590782216319 
37.1087345634436 
37.419016336370355 
37.8602173068518 
37.885587524623546 
37.48786220087319 
37.81632547037032 
37.37571583509346 
37.48510181086458 
38.089915162083294 
37.81813328541873 
37.58626024541089 
38.205815070572235 
38.43441903483043 
37.60205960510177 
38.116167567248944 
37.74348370763659 
38.50014069895868 
38.86984356416033 
38.27047143269802 
38.91429908785657 
37.8780232303598 
38.121398863544755 
38.428222565991625 
38.057810222809614 
38.39693083356618 
38.1457398597312 
38.184554555224025 
38.58016960031026 
38.91324802735493 
38.00494460327076 
38.107840179818204 
38.86958879598897 
38.69131539808536 
39.32934395312201 
38.49843997755294 
39.563914932117505 
38.74554815009268 
38.918174509415955 
39.95725799000294 
39.49350815437876 
39.59278145015432 
38.37591934212282 
37.83146420160857 
38.35375517031063 
38.44521923459555 
38.65836905979286 
37.67569734988129 
38.137130267944876 
38.73041378241172 
38.92834923561676 
37.844088788488214 
38.31619403234936 
37.71428666366715 
38.45862310928705 
37.90934593479886 
38.36186264199511 
39.16510782557544 
38.842503921350456 
38.60620707785593 
39.12629801984754 
39.0913683162676 
39.96928134908606 
39.835251726439324 
39.56392734185218 
39.99511066885129 
39.44546061773027 
39.16399718247309 
40.429712716059285 
39.91441381065207 
39.990832379486584 
39.71476644660294 
39.045415619765535 
38.73591597211386 
39.63973926845641 
40.27872812140973 
39.54344857462916 
39.51408898094467 
39.04393635563351 
38.68669412340438 
38.91316992718507 
38.58818726910376 
38.80394937813377 
38.40847232946095 
38.89466747472914 
38.30048390761567 
38.371254783504114 
39.07373736853352 
38.07980892931358 
37.88226403585876 
38.66261928087011 
38.73081269428849 
39.14970287425522 
39.22020426736609 
39.45792430867503 
39.21502672907364 
39.28373007351553 
39.33157256320452 
38.2716317278784 
38.883662572611826 
39.097702341255484 
39.668647141030625 
40.77495376857126 
39.638268113514215 
40.05636696107639 
40.23512362867294 
40.21785334807097 
39.30145563814812 
39.16742925622663 
39.773556676239245 
39.90831451660816 
39.60832899607356 
39.955034844210616 
40.03000857859552 
39.934455193145475 
39.9000622661467 
40.10626907131682 
39.59447209853494 
38.90481129632275 
40.03736547700573 
39.90827271992943 
39.63772067482137 
40.22227181906224 
39.33415311805079 
39.1884944601305 
39.143127707217815 
38.935628965157875 
38.572924452709245 
38.599668197291976 
39.004466659264025 
39.50605639459935 
38.503851615895215 
38.817891438723215 
38.30359443415919 
38.36701630257839 
38.55408774139922 
38.53743174995199 
39.19059154559328 
38.09853603215712 
37.991495109001825 
38.520078357441086 
38.600247002600035 
37.61020146115201 
38.57616844250556 
38.36491366121915 
38.88999408968013 
38.84539369408193 
38.708491438688775 
39.08856450137335 
39.15035782310678 
38.9979827851083 
39.67329513187064 
38.754350871756756 
38.445316095867355 
38.68847471187023 
38.20963118751101 
38.545861755791655 
38.51624140426504 
39.72713680725401 
39.160819466595505 
39.37572206159857 
40.44461194415438 
39.96858752253217 
39.57672111700796 
39.85239928548467 
39.01959359914945 
39.61885247500951 
39.04257084899414 
40.410919205059926 
39.77483335108886 
40.8777346826178 
40.2970748875868 
40.260639295366346 
40.11475728549035 
39.73271730419169 
39.71424801675262 
39.58450575697993 
40.37344956013714 
40.93604292259178 
40.922243440030826 
41.088834299865844 
41.0783007253152 
40.85034089609527 
40.52071894140482 
41.552346833380774 
41.07618544322193 
40.98910758052455 
40.335680302789505 
40.57840043076834 
40.38904893956516 
41.15159684380049 
41.256018545845926 
41.13672937267402 
40.69913177810564 
40.92429040115404 
40.42224699045616 
39.849849718154765 
40.45516039751038 
40.78367314646468 
40.64547019742377 
39.33625117450393 
40.36121486438593 
40.74370204981784 
40.69762489718908 
41.23621139477854 
41.039997990839666 
42.09220276378238 
41.222215067360054 
41.62435428492733 
41.776643349552586 
42.54317358133298 
43.26014851955133 
41.85731286222234 
42.00521921641808 
41.88843463687639 
41.88285021727775 
42.69931334043553 
42.41682983666361 
42.45969193324027 
42.406953963496505 
43.157859366599446 
43.1397135620616 
42.61983787962923 
42.34118001752956 
42.806086773378986 
43.010805954270126 
43.748316714587524 
43.55644223069243 
42.94047489884241 
42.96426005448315 
42.62654961786234 
43.36945668456221 
43.058532952383025 
43.97834406470098 
42.826677681282824 
43.94820528014637 
44.21068399026155 
43.88420601526858 
44.54816974500093 
44.389332863184435 
44.42527485187652 
44.20097980126649 
44.29515867862689 
43.748246945032115 
45.15291780422403 
44.83508423693954 
44.46893832556808 
44.19355505741622 
43.53134106526109 
44.209777982355426 
44.15586390127264 
43.62586910561512 
43.69904991382805 
44.391026868841266 
43.73557301288443 
43.91718903192336 
43.60315544687213 
43.80608973187552 
44.26787823668995 
44.564474413130334 
44.01928000498889 
44.04232005515911 
43.64000029281058 
44.40050883727213 
43.83786005025822 
44.79907629058911 
44.70076396196279 
44.627485372141216 
44.852074512759266 
43.581557948968324 
43.99669036249275 
44.42041963103137 
44.93017622106362 
44.75716526062153 
45.14145939412718 
44.55806918420366 
44.22434510143295 
45.30388588567052 
45.0618803879348 
45.27153227920304 
45.096855268058476 
45.296361150667565 
45.92692021608604 
44.85443425901473 
44.89412615737816 
44.228488628264216 
45.675395998159175 
45.2560158208087 
44.81973225236275 
44.39794763708522 
45.196903519080244 
45.0642801811652 
44.254222055690754 
45.49435883159386 
45.09635183835862 
45.652950384266916 
45.44765391495204 
44.56040582515475 
45.125129860392754 
44.08641987618726 
44.463105127616565 
44.787595518644274 
44.6572297959713 
44.87329646773707 
44.66447673263109 
44.15270348088499 
43.57837206193255 
44.904007308527014 
44.57331845587067 
44.77707160379337 
45.210302127080176 
45.47781630280767 
45.540960306558766 
45.999069503207686 
46.53953006999317 
45.07201307014611 
46.42209728006022 
46.009706950494085 
46.44637123725533 
46.536790836014085 
45.78855882871266 
46.70424048147237 
46.95816300308316 
47.37143450920943 
46.266128121331796 
46.16783665211886 
45.44910931923986 
46.60070121722932 
47.090068574161506 
46.978110010567995 
46.75769666570921 
46.23071827139594 
46.287309414739326 
46.14625863228472 
45.993099993540014 
45.75479686981351 
45.6483749984507 
45.17081380087612 
45.28553482430536 
45.82743901998368 
46.69110630886206 
46.662683682747605 
46.53392107408373 
45.862631114764106 
45.539887840776366 
44.86351071813711 
45.28352941788408 
46.435214310023014 
45.856933889881866 
46.08936003807457 
45.72761053656506 
46.559020403671674 
46.086499958047796 
46.42248485788831 
47.11344931671039 
46.919985438546746 
46.281019191757046 
46.74798239265527 
47.46084263262339 
47.5035636747432 
47.49643282192874 
48.0205936239097 
47.253004128590554 
47.48435092305584 
47.14867096686548 
47.07305413928506 
47.36443631133216 
47.03887325373336 
47.364033637462335 
47.30401789197522 
47.951879134978945 
47.90874146918309 
47.602414993063576 
47.70401597927832 
46.62697416982283 
47.07736643363867 
47.75655757373848 
47.39476802961986 
46.97137687717451 
46.844244045702645 
47.395036368302605 
47.17609381306317 
47.562058954128304 
46.66444775721663 
47.01949863373587 
46.690794037241865 
47.09834181080969 
47.16148590480634 
46.51299134920241 
47.09229045013013 
46.59268990709261 
46.683079194273425 
46.75271816697197 
47.35767625599557 
47.24473438348809 
46.93823014098866 
46.83799595842367 
46.573932806077906 
47.585959013992806 
47.463368879244136 
47.16876495033545 
47.61279544617058 
46.152183896971735 
47.122449645909164 
46.49995789117789 
46.98023173445185 
47.56975250698074 
46.91621783682141 
47.237827366939854 
46.84501677758973 
47.173310621051314 
47.96468654650765 
47.544865246134094 
47.47175326799044 
46.94138433753002 
46.45386576900475 
47.28094042722836 
47.34241194463916 
47.091529887706216 
47.10566278508013 
47.37643238730775 
46.77777947063018 
47.63381551722222 
47.16636349505581 
47.1616682747922 
47.20611776525267 
46.3165150187638 
46.40848367301093 
46.81708239469228 
46.921729383902296 
48.01375087389153 
47.119749019826266 
46.98586020671187 
46.96279337838449 
46.690590239825525 
46.612448949560175 
46.934018251630405 
47.08081263956046 
46.93140391906973 
46.95005377126672 
47.532626530884855 
47.424404741822364 
46.82266392952449 
46.46312245003015 
46.92041541117992 
46.86926728431587 
45.8376012122989 
46.093283555396475 
46.16876101714249 
46.687881331918824 
46.72453647151668 
46.29656743568202 
45.69004413117726 
45.702167467145756 
45.8239702213873 
45.660023482179 
46.54876124171356 
46.49531841506654 
46.690932008998345 
46.64208355024112 
46.496147734839525 
47.09801026046531 
46.43013673692804 
46.345273340730735 
46.77820615772065 
46.93521899190614 
46.94518374238415 
46.75485227793893 
46.94849850871242 
48.258191267028685 
47.275959745698565 
47.108638854287484 
46.09759764614437 
46.43394298395193 
47.78743873944704 
47.57760497565767 
47.5117969712065 
46.7693303055314 
47.041120139415675 
47.473769840137884 
47.15141620465521 
46.58337585052069 
47.29370680382333 
47.41441396736655 
47.91815817117246 
47.473884754732076 
46.888405400320345 
47.68691902766366 
47.14543507409799 
47.11508336576823 
47.84709686154011 
47.45466804691445 
47.65968928239066 
46.88386994994068 
46.44504341984813 
46.91543226898229 
47.43674376791536 
46.39886709921872 
46.42235280780183 
47.46595984153332 
46.89239418100923 
45.691161975608374 
45.68659809271354 
46.81753355414647 
47.15594160754819 
46.98607448386452 
46.67116792751945 
47.41455209456626 
47.34457535271702 
47.86932954766731 
48.13197308822672 
47.53454268398433 
47.92186753533005 
48.35972223015871 
47.91470361650842 
48.548028186662584 
48.70881803352362 
47.725419888092624 
48.37183982411251 
48.20889549340594 
46.93095828172137 
48.16144144566862 
47.920489531116374 
47.20267757892621 
47.130215753248784 
47.53327974408825 
48.0499877862344 
47.78602500744752 
48.33073968705102 
47.89837747715823 
47.8678212602617 
48.13723542909616 
47.657061695640515 
47.627731176448435 
48.04515426061516 
47.96408296804103 
48.51325555449121 
48.180635598122244 
48.428250050081836 
48.4263670801382 
48.04898180320738 
47.61613431738487 
47.84066663057037 
48.21092178012719 
48.69258393653271 
48.187610346710535 
48.415280447921035 
48.191163131083705 
48.00688987271332 
48.731455575753216 
48.60792854477698 
49.323183474068436 
48.991824245870575 
48.55147372586683 
48.9179578759585 
49.16936901670815 
48.70146569161198 
48.737563992967296 
49.230850126934534 
49.89522230793303 
50.079796656619244 
50.23597824884317 
49.097570058442734 
49.232601225923524 
50.346414706173256 
49.88059212987386 
49.675855912368824 
49.81517025585849 
49.75488538190316 
49.49505865983212 
50.341272300523805 
48.74724326092914 
49.121903897409986 
50.41923646219729 
49.293264528443615 
49.393020245117626 
49.712907856815036 
49.06306932704002 
49.92219044171775 
49.19666018834983 
49.57967134578898 
50.16028662130492 
51.322850055076486 
50.210261708090606 
50.49526251452179 
49.64870117419985 
49.816955971114616 
50.91742115335461 
51.160828729774266 
50.906951337271806 
50.9177809982898 
50.46869556955392 
50.006375815999526 
49.21787708574553 
49.204058797305436 
49.57950418650037 
49.04118267510134 
49.57403316274499 
49.35077497766543 
48.7306129303753 
49.324267669344714 
48.200331431540945 
48.350804251248064 
48.86223609377833 
49.032025401578395 
48.276851916708374 
48.23606667988184 
48.18127080131748 
48.53716694695798 
48.42228786507304 
48.256995107040936 
48.338946480352796 
49.13283825300449 
48.545502839947645 
47.8610401312168 
47.49517317502283 
48.23009829409512 
48.97377279846851 
48.36206629868014 
47.08666166748943 
47.320478628859696 
48.567640673363194 
48.569682182832516 
49.076865324103515 
49.05594554652615 
48.613666160327604 
47.9998621093112 
48.31114125111767 
48.92550215956283 
48.3422239909802 
48.55090557813265 
48.58847992332575 
48.110171143599636 
48.4601009215953 
48.026520559451846 
49.22654430258594 
48.364346351824864 
49.4585293839857 
49.93167195238257 
49.56888190191559 
48.383640633621674 
48.17387695578555 
48.42013697740989 
48.39601129896052 
48.8961226067485 
48.738753629759124 
48.66550734007049 
49.55075251781305 
48.06553113876472 
48.27939602411199 
48.74888981172483 
48.697761827954714 
48.59470057448049 
48.43610846187066 
48.61897701375243 
48.526853208642066 
49.009914357197935 
48.25376238793798 
47.69571796326233 
47.17333329843947 
47.37258931950337 
47.898013802926656 
48.32164288549662 
48.235607933138645 
48.551289474450854 
48.409378713167314 
48.78785903934609 
48.39542803108102 
49.01110246806634 
48.58615577034935 
47.64421216034001 
47.94108936629623 
48.417393787794985 
48.838977596773326 
48.69589441811874 
48.44180127969575 
48.86044875189113 
48.310994419799506 
48.14135890397489 
48.78930339210612 
48.93286231791449 
48.43261413650242 
48.47771131182484 
48.68536481132946 
48.8599690253711 
48.95864543151119 
48.52661160797664 
48.17336249118875 
48.533535426028315 
48.96521477634234 
48.17228935451394 
48.510014496218034 
48.42739939027102 
48.82407385188605 
49.18611663822178 
49.53693396654688 
48.14034285992566 
49.533823218655975 
49.74075460307318 
49.298430940199715 
49.53892238118142 
49.838262925591955 
49.6788958252146 
49.686750012268675 
49.21252594576253 
49.639763616572615 
49.791623027932125 
49.29043366572573 
49.121123674911175 
50.12363319162445 
48.919682574894416 
49.086471828471204 
49.036873846742544 
49.099822004156415 
49.37749504956045 
49.37500669035844 
49.88489129595732 
49.61522893543881 
49.41825577817777 
50.149203858563936 
50.9839545269829 
50.58059202636371 
50.596795320145276 
50.45520431464712 
50.80810088444342 
50.540693454683364 
50.737096109806416 
51.57245550030057 
50.77140772746603 
51.056504667742004 
50.667643737567225 
50.91951739726646 
50.423871794661544 
51.89268485969134 
51.73587624697916 
51.56936482061442 
51.664273109176385 
51.73966085038069 
52.445205175623556 
51.47549629117556 
51.59675486368039 
52.62737286068448 
52.78320594086615 
50.94206489740365 
50.97765139906765 
51.65180669790272 
52.13779340977191 
52.036571563921456 
52.02400107295842 
51.464677436399185 
51.47034715098889 
50.77577408144698 
50.85288977936751 
50.29895922880038 
50.668043432500276 
50.84844348587147 
51.33951174090823 
50.837193933893595 
51.09741688307555 
51.0328452255877 
50.80503484598003 
50.83171672528332 
50.71231174537812 
50.239055791655744 
50.47688543117907 
50.421388260501715 
51.023745386924936 
50.8700185764562 
50.86316530281618 
51.15201276567574 
50.918434453163975 
50.71931621667832 
50.94834109044686 
51.58240324993222 
51.21777194802822 
51.492868945811296 
51.81696247624369 
51.91230408473938 
51.44283574186193 
52.28263282280095 
51.85154243509978 
52.12104274920681 
52.747869867138796 
52.03801405003525 
52.23126506159554 
52.67160946578309 
52.30984394599615 
52.37166810771829 
53.269131796660545 
52.709428741165844 
52.08924796236546 
52.029091121982304 
52.15766168733794 
52.15800834183395 
52.09183675739552 
52.26027770281661 
52.731243010559005 
51.6500916782595 
52.06816144424144 
52.260335456997964 
52.22947709148131 
51.41381110049944 
51.957546342654574 
51.487223993070856 
52.62730726238561 
52.17888429142869 
52.62589672031958 
52.65847144337559 
52.25634851652038 
52.38347655251496 
51.90289431352436 
51.051826918936314 
51.91710887310511 
52.400640370061154 
53.29645557896218 
52.36214623039174 
52.156854178971265 
52.290715178325314 
52.63726323537451 
52.39050815666882 
53.111892618265436 
52.58139612591898 
52.79378881550587 
53.02819334675055 
52.753688908003966 
52.736033680107326 
53.239122174540185 
53.254541142488904 
52.954102553564724 
53.273645625872405 
53.0178625803319 
53.377134195599304 
53.00595091281596 
53.216723106547676 
54.0481609693074 
52.80084502683537 
53.599552240545975 
53.45162170391682 
53.891502882057665 
53.69322929073215 
53.968160574090724 
53.120217202061745 
53.34941082606579 
53.1889249621559 
53.58547924772574 
53.91164079049758 
54.06029618563142 
53.89156233098834 
53.2122783042933 
53.32507382969747 
52.62288861935517 
52.648094003929735 
52.935828155318404 
53.66955095156689 
53.61056051755298 
53.679914388043805 
53.302523898107076 
54.33122334547491 
54.15095956093748 
53.11271952258838 
53.40928082719928 
53.02015609100436 
53.93094867701216 
54.18207191052548 
54.39176084498651 
54.04786970193044 
53.59684348434252 
53.74743376044036 
53.36750958758636 
53.586039761895194 
53.490492070378714 
52.837127045861884 
53.54743017405618 
52.84782170209975 
53.46760877316402 
53.28990355194619 
53.539635275386864 
54.15732296151032 
54.02436485992236 
54.720552254930595 
53.840068095793 
54.662425080910936 
53.92254904231026 
54.56976755355028 
54.21994011651363 
53.782432139978724 
54.96362646021022 
54.33297383751593 
54.15796332160717 
54.61456292866695 
54.86842235961905 
54.731459035479595 
55.381032578188886 
55.54230706054529 
54.43527855902665 
54.51273810861986 
53.512198380538244 
54.72247032653343 
54.38676838784534 
55.07815994847461 
56.182598006620445 
54.580059386684674 
54.82723091583972 
55.64443207148199 
56.237044786403374 
55.16515975705223 
56.19784441077315 
55.68708942264494 
55.81772359329515 
55.96391177011109 
55.85577768519891 
55.81737983474276 
55.847548819293195 
55.07314440125746 
55.1744279624145 
56.16180106260681 
55.38485208761648 
56.307926870976 
55.787369875054814 
56.83510695196377 
57.912061382869574 
56.99655840616536 
56.834276293169374 
56.93642366307842 
57.19902272300124 
57.735768283225305 
57.327375230726254 
56.73693189489474 
56.55606596750246 
56.71667893423874 
57.254484107267885 
57.189694252655045 
57.88229675879425 
56.96478263213905 
57.1850710617654 
57.6741202658829 
57.63534179046532 
57.110972617831656 
56.65366588989039 
56.98917146171971 
57.88556226015434 
56.86356307216798 
57.0019475635417 
57.53979180722216 
57.94819317356442 
56.699766619518314 
57.12360695348701 
57.91268230580909 
57.693968735576064 
58.06640871575959 
57.18877767375388 
57.345775838295644 
57.57970643732119 
57.69246113873052 
58.136501306905075 
58.66999161747771 
58.165985082216686 
58.39669972621287 
58.67190389976877 
57.352529271818455 
58.20219886998339 
57.552420413455785 
57.96347065716806 
58.13894133877906 
58.290426683515626 
58.903006675448694 
58.86649845743513 
58.90492461555072 
59.63324348425391 
58.823916934892665 
58.43639402596332 
59.330709872023554 
58.52389983526026 
58.90119611527454 
60.10134766893652 
59.003042405483015 
58.960135681490634 
59.011358035544646 
59.84393063740287 
59.96582346450542 
59.40045959979498 
59.14862481044364 
59.0851234649042 
60.28120510139625 
60.5740897445001 
60.194881855449545 
60.85757035153145 
60.28802945513022 
59.86591854108593 
60.16223499173594 
60.66771993502553 
60.29651172024308 
59.68158217439704 
59.697391088852434 
60.4616899345345 
60.79651875417265 
60.04888794981079 
60.38388495868989 
61.41053179920942 
61.76721683689187 
61.92037098297428 
61.889386170242716 
61.972342906328784 
61.95262276709099 
61.13576365992159 
61.421190492584756 
60.606970756737006 
61.52964915219221 
61.92023055636983 
62.03312659048357 
60.435133158356486 
61.100499578073865 
61.424991405917645 
62.13733507175379 
62.97283028903874 
62.05450774339751 
62.42937330692843 
63.00286526173362 
63.5642525215469 
63.16503508979876 
61.990998906963796 
62.022039493751016 
61.58636202137905 
63.21459156341604 
62.954094636438185 
62.81843893619411 
63.100320360621716 
62.19780686954317 
61.77596275329634 
62.93184293280356 
62.082704114457826 
62.133026662647765 
62.18934477001075 
64.18349917971379 
64.53687291238268 
63.55486951333153 
63.517803755683516 
62.247963047170636 
62.85290455108344 
62.65503505573697 
62.379875543218404 
63.15324192768145 
63.26382901177762 
63.00945955631436 
63.2988117109502 
63.84834093243947 
62.86109308391793 
64.360059502147 
63.88129074691071 
63.47727243013366 
63.93636414516991 
62.93736909594827 
64.45674771487496 
64.28556972237185 
63.979070644030806 
64.36204841116825 
64.40690870098166 
64.7441944863523 
64.48773920946077 
64.46800230183932 
64.37975367400789 
64.08526974251843 
64.05496175885392 
63.42558489015855 
64.01016005429265 
64.03683477804934 
64.02404908719012 
63.46909770578194 
63.84400843133991 
63.17447892471378 
63.09962633901032 
63.1486804627567 
63.749575426292985 
63.13282112064533 
63.51409056274341 
63.182917626626484 
63.461320450937045 
62.13161211753389 
62.35251438022418 
63.31695065998474 
63.137055034849936 
63.25261694135096 
63.21284947076531 
63.26053185913705 
62.16707200684127 
62.72672815070724 
62.679573429645686 
63.00873717051651 
63.42181917950933 
62.886933209268825 
62.939820455746165 
62.72694596487953 
63.61597109588091 
63.30395535567051 
63.743074176753325 
63.46880068900582 
64.33313698536328 
64.08368372851412 
64.71588840040562 
64.56802612811289 
63.92220027045205 
64.21520250114959 
63.69738565112536 
64.09167938570565 
65.24706490691098 
64.50245480252867 
64.13524768883 
64.59577005057011 
65.84480417196437 
65.26413296264592 
64.61403900822599 
64.78701219760397 
65.77000986210754 
64.89786315384018 
65.7462684718986 
65.10325809167908 
66.42416104918841 
65.35531245063581 
65.10132373764893 
65.52010722947614 
65.20178239758746 
65.0923864379188 
64.99317637568666 
65.28952658166942 
65.23892653487052 
65.31877759724996 
64.74795329644706 
63.775400325411695 
64.08430259578957 
64.90347977854881 
65.19427325780418 
64.77383055399915 
64.68563230841647 
65.73382678239292 
64.93666307948645 
64.57594882156998 
65.03387483057435 
65.01293809226024 
64.77410475325654 
65.1131997109638 
64.68454673421 
64.9811394267075 
65.78491126250782 
65.65909059973973 
65.98152421521948 
66.51199733160135 
66.1496170135283 
65.69656467588698 
65.84730133830874 
65.23311760385401 
64.73801178685886 
66.07411112197693 
66.24419086952452 
65.37659380428433 
65.68652433230217 
66.11886867036336 
64.77046480138394 
64.21787217187571 
65.22516377725192 
64.91858786865039 
64.07154037355886 
63.17752431530604 
65.6567412899552 
64.84477045748037 
65.8064117124935 
65.0767793918131 
65.39829420089174 
64.58690923909535 
65.50880965427062 
64.37214288245984 
65.16412020894214 
66.51177760280622 
64.73668608867193 
66.95082920238671 
66.38036776492739 
66.04085198111213 
64.88725964546468 
66.74878452447075 
66.30462988502724 
65.28982695430389 
65.99113461761199 
67.33289832740542 
66.08981048281592 
66.32970640576463 
65.38967481002616 
65.15305235785273 
65.30751842899556 
66.42328610265112 
65.15655660987521 
65.69170686881245 
64.8228919995408 
65.66784264219763 
66.73167791658635 
64.37007994325492 
64.50524339755847 
65.7476250641416 
65.53184526400035 
65.89735331406393 
64.58929453062366 
64.46936934359233 
64.62769105425684 
63.42262420887044 
65.36504627048274 
64.75743448317924 
64.24955563404336 
63.82960379327527 
66.12741978603538 
65.50559186842901 
64.43885500017399 
63.43768117308274 
64.80590302617999 
64.3107153433196 
64.64542837735083 
64.88979503217298 
65.60694283229192 
65.59967824018506 
65.76064645319408 
65.5203664554245 
64.8047042434809 
66.11129677990496 
66.48189620872218 
66.56236010838751 
66.1015077565447 
66.99919178698183 
65.56552894026362 
66.2150690170328 
64.67774949544184 
66.59047701031734 
64.87424328585595 
65.36906335517972 
65.91953137472251 
65.68542484275468 
66.30989673618411 
66.85303765475501 
66.72862550353743 
65.86261632402785 
66.30567893918365 
67.39144832086802 
66.64377859702333 
66.8260845532147 
66.58628168339462 
65.71532145025647 
66.60937230388006 
66.18193275433103 
65.07088941437748 
65.98790520333472 
66.21320950206254 
66.67541452071606 
66.00460269659605 
66.51616058968412 
67.42107324478195 
66.85204203756668 
67.0326728043528 
66.5380287390952 
66.21033668967495 
66.6368001707517 
67.66984916750302 
68.05390455083547 
67.92969655043856 
68.24560024198864 
67.79381249176964 
66.87982488596244 
68.18418631850462 
68.76341093762979 
69.15726424828716 
67.89191968692565 
68.06773084924075 
68.85198476144089 
68.07484839434268 
68.5215920204372 
68.10716422089921 
68.55750584800815 
68.91290152281809 
68.92854857135633 
69.62303791308786 
68.71895004727281 
66.98786645953108 
68.19095091350457 
67.69940167651804 
68.65539274062506 
67.78650266987405 
69.32851634084479 
69.06790781489944 
69.26249242439384 
67.67853155320341 
70.43190145153771 
69.09443746473913 
69.93347100294149 
69.02160351349929 
68.32027797224589 
68.13823711396206 
67.62550849666309 
68.01510993352757 
68.64174937869795 
68.68887214706807 
68.9740581205566 
68.99327562002851 
67.67112776011462 
68.59146861476873 
68.12813926461703 
70.14805841467275 
69.84562739759888 
68.75391565994983 
69.01903021937648 
68.8907799469306 
70.12853644422927 
69.7719234772687 
69.33145680370421 
68.91748200075051 
69.67813624916226 
69.90962705731778 
69.91456266561795 
70.96014174317772 
69.14506027202934 
70.2247544067 
69.3149455142082 
69.4315492638168 
70.0034046451534 
68.86075763098721 
68.97812260768961 
68.68861310252113 
70.4665257301251 
69.71373385404566 
69.62931717275512 
69.46110439831081 
69.45812667899096 
70.39824030683673 
68.2839601508844 
69.25224918427895 
69.605055946142 
69.44068566970195 
70.78659948927286 
70.65601119765653 
70.22682338038364 
70.17858216206643 
70.7515938985129 
70.35257826515137 
69.7634230581006 
71.34253415965206 
69.07275277276534 
69.87633464851896 
70.31171363622464 
69.86612528925359 
69.65446742784647 
68.74069303345486 
70.16941420936772 
69.68980305775123 
70.1387567683044 
70.56352052179183 
69.79642743950654 
70.66999735717106 
70.54624919534238 
70.21932810465425 
71.01956209793154 
69.59250082063852 
70.2149746190749 
70.38541533171527 
70.19748790757465 
70.33605959688236 
70.18480238017948 
70.07076470495431 
70.43874648931764 
71.13967613556056 
71.52370621163644 
70.19061198997149 
71.10224539026638 
70.61978243333645 
68.95684139230131 
70.61149437134542 
69.41838805172412 
69.78284812363371 
69.23283711539385 
70.49842711871986 
70.61301405754652 
69.7026710913404 
69.56813831157335 
70.5598062232512 
70.51830325685296 
70.72368108513746 
69.42730019094022 
70.7358366416785 
71.23299232927012 
70.73506876568153 
71.31517854154066 
70.48134342316328 
69.5850472499144 
70.55670878116779 
70.72174043132719 
70.23229005995515 
69.55745898135439 
70.95122642735829 
70.61194274721846 
70.13486219302844 
70.20576867983272 
69.60407413572877 
68.68198048829669 
69.09316069299955 
71.06231903920845 
70.03916069205313 
69.92540842673999 
70.91945103637461 
70.37010876282125 
70.49024407402943 
70.83115212372218 
70.59624616198091 
70.85651388501978 
70.49131174276371 
70.34663181396182 
69.72050447374211 
70.79863101168094 
70.77324397106264 
70.61628372909941 
71.42621124887047 
70.09398178209544 
70.84739667490459 
70.12703662459484 
72.94639644855808 
71.36050411031827 
71.99356293186901 
72.05080650606004 
72.33425775787265 
72.70995914078337 
72.39259895748877 
70.78561467848634 
71.50970643173315 
72.48141485856054 
70.9728584890018 
71.91911743636737 
71.00878367725429 
72.2833876357135 
72.25454467155068 
72.59135518197655 
71.75613814861339 
71.66577535927834 
72.51294118408806 
72.51322775432685 
73.11480303200382 
72.08034772699664 
71.81201362060273 
72.28587701279126 
72.5053443525523 
72.13074614691175 
72.51094129762426 
71.43629115522141 
71.68741096441025 
71.8903680024649 
73.11859074973121 
72.68180375609566 
71.7718192642368 
70.74212758331129 
71.47948241333123 
71.3172819066717 
71.01970015191192 
72.32489738749415 
71.30807830763118 
72.56307881862858 
72.1090080514363 
71.85719080259594 
72.96196161763253 
72.67846216779814 
71.95126518406094 
73.6075443109867 
72.47074871589463 
72.86910122596727 
72.32239515834273 
72.04543404639536 
72.86726941065417 
74.76469247346188 
71.95814752625071 
73.05450074624154 
72.74429971888168 
73.37565156326356 
73.92417378885773 
74.61581994425721 
