# "MSD"
0.0 
0.5752044517976199 
0.8331919432499033 
1.1973663284340261 
1.3992404930495115 
1.3828336343872503 
1.406236382973484 
1.6779808515649373 
1.6436123504172688 
1.6627476780875965 
1.8082332188167058 
2.3172345025008974 
2.2233402539153992 
2.339408200527141 
2.472622724602473 
2.443517888688317 
2.641260313836283 
2.7874194611943444 
2.695861440119999 
3.014655282659729 
3.149081756044745 
3.384162686664419 
3.6464933470871226 
3.6668248002574475 
3.6373383605420595 
3.6158674496183463 
3.502299139385439 
3.509060315523351 
3.660195563042931 
3.602621182352266 
3.1657402322183064 
3.4214237307314197 
3.5587847442145697 
3.376809388755999 
3.559532472583017 
3.5990890925302925 
3.782980062072623 
3.889301941045338 
4.0162075866357005 
4.22182377369359 
4.052260182264954 
4.058945117041719 
4.280149077651551 
4.537003383728034 
4.532224575724313 
4.918747842277046 
4.728460620145903 
4.548978097929372 
4.603290105929868 
4.481723766897929 
4.601429517806261 
5.081559084141783 
5.209894507209259 
4.911332348543885 
4.761144984266589 
4.918148551068209 
4.953951526495268 
5.03686477046388 
4.897956523832368 
5.039304498097963 
5.115567464414293 
4.5680041694500275 
4.814617490813803 
5.049145805340878 
4.760489946531084 
4.859805932801919 
5.0055609182959815 
4.8772406441920415 
4.9178463521775875 
4.7335869622493885 
4.700153880942094 
4.5716166074298945 
4.345106605549754 
4.813765031541327 
4.57736135408804 
4.957784419816541 
5.1006519032523325 
5.265612203945769 
5.456133996703499 
5.466610096976854 
5.4828961454504395 
5.656083118007904 
5.815930897668426 
5.865099171256667 
5.8239390936559845 
6.200485843538672 
6.545577156726086 
6.606790919117833 
6.36026060072043 
6.695774624278446 
6.755836133760443 
6.402036483221235 
6.303016190820255 
6.050219858252643 
6.350240971572382 
6.49188825816154 
6.9310882462123535 
6.540326645906597 
6.227870409182766 
5.984310056154442 
5.683779182257194 
5.93480217829504 
6.068341557161678 
6.4519493787928655 
6.5801490560228535 
6.0292057225882685 
6.274611934372734 
6.16229108477583 
6.6017664595395145 
6.6023924431359875 
6.8634751161369545 
6.647177634540174 
6.822908009298368 
7.156119506051231 
7.040938565096964 
6.9981161385530966 
7.051635015504943 
7.432883824209735 
7.602654724245042 
7.34592448376647 
7.395525283930191 
7.438083586876333 
7.684475258008786 
7.586894642116182 
7.680507075396313 
7.849726014467297 
7.749756305481788 
7.46054161355857 
7.251746477828591 
7.2353685730120665 
7.204371390803061 
7.289500674275344 
7.921948013733426 
8.142730943779133 
8.343013384002925 
8.483392569320115 
8.305771874065018 
8.595920905373562 
8.49285707819831 
9.044950940603348 
8.778055899204295 
9.377859902068678 
8.863284731216478 
8.876362539046664 
8.694666497855627 
8.80889091347471 
8.827381529459595 
8.767251541808081 
8.66001699948214 
8.755634980464105 
8.971294939460723 
9.082578703471555 
9.312630827086373 
9.379943533426237 
9.442659979970468 
9.541384826699035 
9.352743773951367 
9.642810522060158 
9.56289903101679 
9.850294005581896 
9.742608340272001 
9.971477492299117 
9.819148082193342 
9.7228224899084 
9.97422465857704 
9.880777424438449 
10.20042500263669 
10.381747526591514 
10.195471847109332 
9.999871789309678 
10.320969294055795 
10.76267389721733 
10.758282786593472 
10.617481636740129 
10.843199199870044 
10.625765076894252 
10.502792294423738 
10.742918781826855 
10.673000847223783 
10.247443045357674 
10.261169857959167 
10.40848306345372 
10.084400504379444 
10.607951353217906 
10.824863169522084 
10.985033835237424 
10.724281676529712 
10.660564842582003 
10.890194180086516 
10.819165179781633 
11.456425404092803 
11.214807508010585 
11.390557871623841 
11.28329657361103 
11.373053949701825 
11.856680585235573 
11.816846637885885 
11.64301120521594 
11.743461523956613 
11.637565655598227 
11.539398026072895 
11.901537842545217 
11.632149829274395 
11.757461202889486 
11.967855424305291 
12.401322056282678 
12.318051113058038 
12.039288439931163 
12.661334384771525 
12.59043134962599 
12.231638522888485 
12.551224312899897 
12.19444061132584 
11.964142011087025 
12.345520601137089 
12.885100211300799 
12.36849908051879 
11.815833724810863 
12.709281499030473 
12.609232719855349 
12.446790237162704 
12.575988121376584 
12.959383804638934 
13.060063004141618 
12.508747720127083 
13.352529217242541 
13.114853850342048 
13.188078259361681 
13.239611904939814 
13.023069754381844 
12.99651937991176 
13.002220628276987 
13.308457109253455 
13.437764629929 
13.520679958156673 
13.385857755994245 
13.71890818443013 
13.974589260070093 
13.920985069854312 
13.707794628863097 
13.80708335523734 
13.939548667511856 
13.875034060685804 
13.81991547167869 
13.498079498749771 
13.832845193594132 
13.908791013111259 
14.039136932981705 
14.12827479255044 
14.760805504168903 
15.053346610656758 
15.896518668177698 
16.148103728972814 
15.33152145231044 
16.349619064853464 
15.84426986534362 
16.10093706035067 
15.82981359766926 
16.220218976377627 
15.313054185095853 
15.406018999506015 
16.367942246715646 
16.078410296620763 
16.21418712854469 
16.584363569057423 
17.006765565620018 
16.428912066976217 
16.74554919778332 
17.448953585966102 
17.450948892949313 
17.669831864712705 
17.541123774042664 
17.3039279582475 
17.55784335613702 
17.8166667617541 
17.48385080674304 
17.830033848118994 
17.76894315284537 
17.715227006370327 
18.450820311428835 
18.234574751006576 
18.530132922824166 
19.232472616634436 
19.538665898060543 
19.28264249304706 
18.748067226500396 
19.123189917174255 
19.116123954427803 
19.88578394145256 
19.915526005910774 
19.487643961369013 
19.8938943012554 
20.002255066581423 
20.24655471612694 
19.730602745627557 
19.592440599753985 
19.354383544905065 
19.057619791624916 
18.893619565217843 
19.09552314899099 
18.906490547478324 
18.906573267032897 
19.328290317841734 
19.442767801950335 
19.962504937895602 
20.60025886494221 
20.72889563032793 
19.936951613302647 
20.10236405702746 
19.96166484626076 
20.631543284936555 
20.21689137088463 
20.104801559509504 
20.869282818509298 
20.65153878067031 
21.86154023465187 
22.490622999521552 
22.019240381325766 
21.68658965869881 
21.93802305716525 
21.741491016147073 
21.661596941518454 
21.96036723201926 
22.00694283111816 
22.080906539889927 
22.64955695146511 
22.562941855716556 
21.777115049200784 
22.229032897321986 
22.299860035911063 
23.255641069624467 
22.581347962437977 
22.883695206591618 
22.2996576720277 
22.54858003823947 
22.635537040548243 
23.30587495317618 
22.681432996640506 
23.332887432261057 
23.19067838966823 
23.20807314471574 
23.268672097314035 
22.389988407469676 
22.374499936424012 
22.860892528000463 
22.866842310823927 
23.010929110533173 
22.938183069397958 
23.049955343465097 
22.97767379813494 
23.0010233813357 
23.42023915081659 
24.201341160018288 
24.479169163647082 
24.133159654252104 
23.844461143620666 
23.682333288677878 
23.327330448136134 
23.565948329179964 
24.93181441742072 
24.343830536467998 
24.51077888887744 
25.30577061940896 
24.27173445264826 
24.690908935729265 
24.56764146930248 
24.573538618201724 
24.475996860195487 
24.87161765900973 
24.780669999117972 
24.727878055177804 
24.345271833977364 
23.795627652974527 
24.61490548823901 
25.11335301660479 
25.0504041933203 
25.49294315842713 
25.785996192705582 
26.042191262088476 
25.77488101554993 
26.020684414287032 
25.979183332590992 
26.88190492343088 
27.037274959457093 
27.424886860390036 
26.932742544415312 
27.188363061617686 
27.221086527711524 
27.172945588513763 
27.13048421422532 
26.989795176865776 
26.80421218929708 
28.12123498084964 
27.075353292590012 
27.412238389584545 
27.310634880943486 
27.660354376190114 
26.79356856202637 
26.38601290776465 
27.63692523756529 
27.467974666655625 
26.94895697190713 
27.042119569740656 
26.672302817181258 
26.683092613662684 
26.734602322080406 
26.392152945050697 
26.54887737904419 
25.264494162968365 
26.117490898355285 
25.968092288676967 
26.418094763827508 
25.570217750639145 
25.516302168219575 
26.168542694151874 
26.456420967833782 
26.76829078846521 
25.693953881300143 
25.94799857803229 
26.95021077854954 
27.03507502802429 
27.364129781288472 
28.179918437382916 
27.428826029121343 
27.435521737665766 
28.09047667918742 
27.822463203219733 
28.602731038807566 
28.12863609979915 
28.647441478532944 
28.741539827963305 
29.322380270067416 
29.61769066944768 
30.3546831477049 
31.1734535153154 
31.43677579709756 
31.519818550912163 
31.536641337745735 
31.717199860538326 
30.91913866380757 
30.148538110577917 
30.87697408810066 
29.78273851809984 
30.71767515713446 
31.095466441163158 
31.470924315951592 
31.521199639327477 
30.46230256031137 
30.931040926911844 
31.459785651380766 
31.104085544604658 
31.39080440340406 
31.4280405201267 
30.950929337478467 
31.160307232293263 
30.789638714379226 
31.588102703240097 
30.814728658588496 
30.856856245196347 
30.99662642056309 
31.39543617400077 
30.55557443119981 
31.425637690431767 
31.5219662282059 
31.032108686368687 
31.62288105560512 
32.33847274398263 
31.998043330761362 
31.778390613533926 
31.803933350288165 
31.878491638454943 
31.71694887217522 
32.014568712673245 
32.84767404210268 
32.65526301243588 
32.38307260465601 
32.59709047553348 
32.25597797753932 
33.21711748884577 
33.31027392522136 
33.77352850916216 
33.49502998912505 
33.44732524267587 
32.77241634395329 
33.30053065572102 
33.2616392287188 
33.43593581699283 
33.44073395298319 
33.186290967128784 
33.33165360491279 
33.99504966434384 
33.44141367378767 
33.72033494872032 
33.75485723251496 
33.61789345499751 
33.360909786697746 
33.83208641964987 
33.40999139881693 
34.37665435820962 
34.803182122726625 
35.681922328976185 
35.720107582439894 
35.32096170762219 
35.33850780552809 
34.25161856574461 
34.43722170124589 
35.21929467856552 
34.800200033432624 
35.17434319153139 
35.83099421283733 
36.31597444896071 
35.579249779295964 
36.13485700813313 
36.40134615156818 
36.320746936631046 
36.550365733210555 
36.38949221185589 
36.03930115290324 
35.820226062328125 
35.88690701948495 
35.071414784704345 
36.09568080370759 
35.9733040534315 
36.02882894924127 
36.25160344988337 
36.0832947514133 
36.279845041873855 
36.63445358818202 
36.29464951932737 
35.464071534861525 
35.59579107120697 
35.995373935692335 
35.90311048387522 
36.09811467220187 
36.37124864875055 
36.57548842834173 
37.061292839131035 
36.323579784197214 
37.420071975280194 
36.51343294112631 
35.998327448932486 
36.230596734142495 
36.786775693447105 
37.721559874152824 
38.43864369112444 
37.51280165987388 
37.10884211470861 
38.08511839210824 
37.817183423939966 
37.634498665851545 
37.96310703163761 
38.55894771685783 
38.45352383926178 
38.48148735456788 
38.423851717780536 
37.23704241671291 
37.551495555503735 
38.105891447895324 
38.41477787310264 
38.924113403660286 
38.170886684506634 
38.2071394281293 
37.976312668223635 
37.5803071809148 
37.76109183090864 
38.114086897400995 
37.50057345044578 
37.791365045069995 
37.9010530826067 
38.10476550724314 
38.59356856926462 
37.53695654579853 
38.50923828522994 
38.55514001881775 
37.981930503116146 
38.88136479667518 
38.740813223501014 
39.6122400609531 
38.73669176248373 
38.58483492384974 
38.25237955001954 
38.20812400610133 
38.589078522970034 
38.34056799087453 
38.479248646017496 
38.48633176121631 
38.054346012681464 
38.171430839728906 
38.79075635665662 
38.6389906951677 
37.99331676614857 
38.69972845097341 
39.07193198922061 
38.61936859043236 
38.53013680333366 
38.480044570898336 
38.227641230043325 
38.235476210354356 
38.39800626571602 
38.21130699726645 
38.28413155076081 
37.909257055589926 
37.81494047894495 
39.47668223661332 
39.87460759101553 
39.27845084253136 
38.97835668262013 
40.27772408480858 
40.28957698175573 
40.9363097119139 
40.621162761251355 
41.21768557193265 
40.931173645903996 
41.461784178928156 
41.35491782300337 
41.33903116900919 
40.651188821474705 
40.109385348568416 
40.740812756875194 
41.64540899545624 
40.91447080003745 
40.98087529311088 
40.92518809384597 
40.71741596166157 
41.13518438572902 
41.79160863599296 
41.43021108237246 
41.790742061474944 
41.29898774764657 
41.68060644211697 
41.858042965449094 
41.98433947459608 
42.573194929252786 
42.233915958062894 
43.0670975421475 
41.62797389163562 
42.10560465275352 
43.08819885558459 
42.93227399811092 
42.34343570000898 
43.34261018815969 
42.716275250069785 
43.03819154424737 
42.456387268252996 
43.02912531659013 
43.65388395370633 
43.24382468536663 
43.10893364792624 
41.95507005783335 
41.55775588992595 
41.92860434023388 
42.353020887167986 
41.843518922610556 
42.14956006092817 
41.58234891388969 
42.36116386486 
42.79975365852291 
42.78956945292665 
43.04254433799652 
43.67619314774698 
42.99875028119469 
43.077714167479705 
42.61053782377122 
43.06158968138451 
42.466120902028194 
42.897753451773674 
41.792067164010184 
42.85828961235697 
42.98348800440913 
43.45908506953259 
43.05683131810869 
43.02498691449046 
43.60999589392864 
43.474153717643915 
43.737041892826944 
43.28140965221523 
45.34634941892288 
43.70927105415198 
43.76041934902402 
43.82832963362196 
44.949973489375644 
44.98513906986497 
45.22983358409305 
44.80682886930221 
45.151335675325804 
44.859748331004646 
45.0434159326106 
44.84720595829165 
43.82939938146534 
44.53186928453556 
44.97262875820284 
45.10411252692881 
46.44434723325021 
46.10655313885981 
45.78945586540244 
45.470681331082496 
44.84332949120304 
45.2970056804142 
45.690646425330314 
45.09094188351295 
45.55483591592528 
45.08945963639714 
44.883813606391385 
46.21924135337626 
45.91468115175552 
44.80650249147098 
45.00433084407636 
45.22634029445629 
45.77184194317619 
45.19286964581525 
45.05424777818075 
45.95148646174645 
45.70066177457847 
44.69394952376632 
44.85007009024751 
43.773183362325 
44.53954080695644 
45.49636285316219 
45.42502268452189 
45.93261819260589 
44.61572757435111 
45.00560467678783 
45.06742904936004 
45.826684661671734 
46.10671396869851 
44.94966189614241 
45.61980891093389 
45.597606195664156 
45.050925327348246 
45.53310294447271 
44.940926704769524 
46.10457291993298 
44.733751203442225 
45.02728475221083 
45.117795376978584 
45.28018105153965 
45.536928586505354 
45.54207732251449 
45.14428336994962 
45.62909079724085 
45.07955657782635 
45.52122494702684 
46.63444345959422 
46.065209712986324 
45.26987374064929 
45.66006058442796 
45.91092371488782 
45.557115679045864 
46.54016222764562 
46.63554372642698 
46.66801094231396 
45.89437399935687 
46.34388982705318 
46.52651316418959 
45.49898022255488 
45.001279223510465 
45.3497025848527 
44.97198470553929 
45.644194391561875 
46.265963935036424 
46.71279604514586 
45.68242046629011 
45.73777485522651 
45.82998378767078 
45.13322304245211 
45.414217522191755 
46.23320419178912 
46.30517067370597 
47.59075438001204 
47.17262770456273 
47.98681758656052 
46.158555037172405 
46.22246022346149 
46.441736415189155 
46.64246634959827 
47.194842180594115 
47.02688253754326 
46.83439808135804 
45.98457145066273 
46.39773694459395 
45.688722801931426 
46.66622513570069 
46.364800679411154 
46.218907841259934 
46.59318289631154 
46.77701335192834 
47.82085544674185 
48.22818400066182 
48.24273483412672 
46.91399983020637 
47.182353768993934 
47.03441961242551 
46.996010892112466 
47.91243086715967 
47.883323438850816 
47.90445587470461 
48.3757814244308 
48.19395832424968 
48.244751447317356 
47.59418428071329 
48.48661862887635 
47.47107533598933 
47.48542449701093 
48.36611216212945 
47.880664217165595 
47.58466070057339 
47.422001705527684 
46.96602853876769 
47.641101037827625 
48.056555978393035 
48.52632291945733 
47.88384772400162 
48.02376690497207 
47.990810169502474 
48.33959222831706 
48.16398233111256 
47.78063313035659 
47.18776203212665 
48.28415520401835 
47.20463305020789 
47.77213570959831 
48.71416518714581 
48.21017945455881 
48.68514393817422 
48.68600329019738 
48.15649068180116 
47.70489147151135 
47.63239704986086 
47.62134848140346 
48.16426039751044 
47.88121005506902 
47.35228555109068 
47.88658682068163 
48.06767288096028 
47.36194337615151 
47.176914143914296 
47.22860050780376 
47.360014031404425 
47.60449476192418 
47.05315724746467 
47.05885870338785 
46.8917615453022 
47.880237953067684 
49.08485932251757 
49.004782224609 
48.47317319318454 
48.81660374109403 
48.39671591591572 
48.12554059086218 
46.702513402701065 
48.19137733010452 
48.46052311280041 
48.051798055000184 
48.55286957429047 
48.15587208182501 
49.56271922931092 
48.08637086489135 
47.5037159784215 
47.83248943059813 
48.383354599502276 
48.96617006861799 
49.19586389749409 
49.126129634674335 
48.45107600652324 
48.968267871893914 
47.99821582039983 
47.46354851948763 
48.48436301348369 
48.03447479020362 
48.509023758440485 
49.20528709213436 
48.1507059312672 
47.88607909590145 
48.70190578469233 
48.69250363203719 
48.20370967768014 
47.77304408300279 
47.69135485954977 
48.33231663036571 
48.931386963074566 
48.72563382261419 
48.08971355409785 
49.706851503250206 
47.9763332326449 
48.74826385126447 
48.86761674698342 
48.39395750306474 
48.89729073161389 
48.57223201704542 
48.50743923841191 
47.73656451824722 
47.65692305418481 
47.892611809434946 
48.74424428122788 
48.60391298039869 
47.945105589138365 
46.710748764560094 
46.79618434908702 
47.89123008561585 
47.885722823369875 
48.435661100122644 
48.577903859432745 
48.71712021756886 
49.70026712063224 
49.202491699348045 
48.657521974546206 
48.93153261052027 
47.785477325051794 
48.254365503188225 
48.26546793159788 
48.78840924960281 
49.207674521384405 
49.57395830275735 
50.35171561531923 
49.625121747354605 
48.47441546375968 
49.39185220936357 
49.757308138599484 
49.30816529086687 
48.741542767600556 
49.39775475194626 
50.02412667208495 
49.20874582252827 
50.37099506300477 
50.40555134153671 
50.33631055109114 
49.75670906408414 
48.57410221267496 
48.88609157666236 
47.76429514671753 
48.38647559390329 
48.25801677139028 
47.94644591818802 
47.56641764586675 
47.739621608825566 
47.01739983394113 
48.16689770797694 
47.36996239778073 
47.44706230829565 
48.55999771932278 
47.260733929298965 
47.3111893798232 
47.38774403180277 
47.48794968767569 
47.770907257040925 
48.384288603743755 
48.7805658578278 
48.55096199700308 
48.850267517873256 
49.58810972285587 
48.34596240903047 
48.94248001983101 
48.79434973008829 
48.911949750187645 
48.0765243243337 
48.28475157459177 
48.108963037317935 
49.64012322615801 
48.463281890000324 
48.855490755946626 
47.68567166824176 
48.227060063176296 
47.894908438787404 
46.58017183610048 
48.74087987275596 
47.226956576976605 
47.284066608266805 
47.7117560732965 
47.5881047211615 
48.101960751384524 
47.89861027399642 
48.64753541998443 
48.642030649700075 
48.25879729755335 
47.68831678790048 
48.2659557280981 
49.32945201051752 
49.097127165043425 
48.37384917601459 
48.254618823196104 
47.92721389226022 
48.7079979649789 
48.66332154456807 
48.00734500442747 
48.53310225374507 
49.53642236314372 
49.42103957668032 
49.160312870868566 
49.09637590090853 
48.71259226774372 
49.05176215750471 
50.724823415166206 
49.762647605578074 
49.521327453424654 
49.06325253306613 
49.1821671204366 
50.27391906790977 
49.24579967072704 
48.636146446492816 
49.17288245910765 
48.4228188470566 
48.49658596310291 
48.90463888911466 
49.58544128131133 
48.61369110801125 
48.83657388255033 
49.2378256678844 
50.10949503074439 
49.56858708595831 
48.17175760388246 
47.83329959293402 
48.66067886118935 
49.83943963277512 
49.57538940160693 
50.10171069627443 
51.029283803315884 
51.98679491425245 
51.491186908026975 
49.713746863522886 
50.63502387209078 
50.10761826363636 
51.130565686096226 
52.49754112149825 
51.88921303398305 
51.55093640289187 
50.82788541955497 
51.6824188374574 
51.57742384187744 
52.05938297466898 
51.61203855636039 
52.674746455900056 
51.605192673634754 
52.07320099343222 
51.910649131386556 
52.275899374907794 
51.9296467446713 
51.95035112209688 
52.00104557103948 
53.55636644350752 
52.87851598612596 
52.84081229689531 
52.75549549356894 
53.33783865519292 
54.032644816100756 
52.74422451201736 
52.5643987311386 
52.390836568166016 
52.27400083121985 
51.38588091680325 
52.971667814189416 
53.05923170225965 
51.687116387142574 
51.5298747069925 
52.49628623923583 
52.969346297723085 
52.50914120624807 
52.748674269028385 
53.454229607712215 
53.249086408871435 
53.36133820271868 
52.63985953980448 
52.811340628743 
52.67376444349373 
53.66458906231216 
52.74210864379965 
53.19854566493812 
53.18844926935766 
52.03287342300697 
52.22235285554203 
52.64711000395217 
52.95128817069921 
53.99736218638847 
53.74972756493241 
54.02793531903935 
53.71759180340029 
53.9708594019139 
55.01246085793673 
53.98326907477641 
54.1906024847594 
53.31819307958254 
54.758916477097486 
53.923369066663845 
54.31652268176154 
53.83800077071617 
54.415272262642716 
54.403506832643174 
55.06322425502567 
56.04803245760363 
55.52247344908324 
54.68537233497738 
54.98091747139601 
56.391989121735044 
56.19617779630757 
55.98457306412018 
56.47671099452115 
56.50666271270637 
56.85916270324175 
56.49879436516577 
56.514031499239415 
57.57194813879529 
55.366446057891444 
54.949986621379544 
55.89068130323591 
55.54733964887677 
55.698830588810566 
55.96601819434016 
55.15386622996678 
55.503025488920045 
56.34862375573997 
55.90984412989302 
55.96459447867511 
56.23502537025325 
54.678045875943184 
55.48269890837483 
54.44026443279344 
54.54214018753706 
54.79958358726949 
54.8935243525316 
54.48421970383393 
54.86529045789658 
55.20262656114084 
55.79123325574011 
55.15096343384051 
56.28061434393432 
55.26311810789376 
54.5673303966153 
54.66937392017054 
53.625828980089665 
55.493882465574366 
55.01415555266675 
54.188472254346784 
53.65040176087529 
55.06753359943569 
55.48709057340582 
54.50748795704448 
55.03344252511616 
54.243444783761554 
54.57008736119736 
54.56250380811083 
54.0000426898312 
54.356949161571535 
54.13823029155274 
54.34226938938395 
55.21805291443632 
55.26322706628019 
54.629406824744194 
54.95121236742981 
53.687826836401484 
54.61270943774335 
55.48378157084793 
56.329556780712835 
54.49345141011446 
56.00562796205457 
57.696414768702105 
57.49475935425429 
58.01610729396214 
56.38247407120753 
56.95021375599021 
56.68725517256569 
56.98631994208021 
57.93525296232243 
56.82658671071746 
57.31158354204521 
56.451651191468336 
56.160117943018385 
55.99909617714465 
55.6628474423737 
56.25752370394754 
55.811459317066365 
57.34905277069514 
59.5065121686867 
59.89541379577073 
59.40050031083874 
58.484254742269975 
60.133891608064424 
60.20438147727522 
59.24925561994605 
58.392447315248766 
58.30355939901249 
59.13702494765421 
58.199581274778524 
59.15974261748033 
57.802211387023235 
58.74161747739049 
60.672082087798515 
60.684616645900924 
60.56506706246699 
59.49844456193037 
60.241086600627796 
61.22148879194637 
61.97324419666464 
62.18356286713206 
60.97654509121353 
62.46057387463964 
63.00385228095851 
62.474110322401685 
61.50137464735143 
61.70844838205198 
62.34506285207738 
62.95372705026531 
60.21400024394536 
62.431294901160676 
62.793315149124936 
61.427312488409186 
63.440933287562444 
63.00626739288639 
63.87859887071419 
64.22464081828221 
62.87204892942295 
63.510276915584484 
64.06261448658282 
61.88968898097394 
61.0453597835084 
62.91518678067529 
63.679590922502214 
62.02087768636552 
61.49316933735072 
64.14545030055265 
63.21124113277473 
62.6741506110227 
60.75421171002634 
62.32316107909496 
61.28247069847283 
60.38655630250011 
62.184782549617935 
62.313041223332355 
62.39156628063386 
63.22249589240547 
62.13967595179151 
61.945183504384936 
60.37704401535222 
61.67700110656315 
62.7637974880223 
63.854066351516295 
62.740555938395104 
62.265431865626134 
61.224682773663424 
61.38094064872666 
62.44514981967818 
62.11827369385911 
63.07739863251601 
61.99756103389535 
62.11719617350242 
61.969223786851025 
63.66931296303846 
64.82786817500345 
65.41188705194429 
63.10500397879477 
63.360787626105505 
63.75870981079598 
64.42712031499461 
65.62210188516944 
64.9505030742219 
63.412313134894944 
65.93174698511777 
64.99525743076109 
64.96515166532808 
65.38725536171849 
63.574523473955935 
66.01071536979963 
65.65192983816881 
65.8803480311945 
67.03657654571522 
66.07025316830189 
67.24820094929531 
67.73001169826217 
65.30098191140844 
64.6124200970659 
64.45876347331266 
64.22042654883478 
64.68991470496265 
65.81793193812501 
65.5515763957794 
66.08295430890573 
66.30691728690738 
65.85777378857881 
64.75947545612155 
65.80252377391395 
66.39486118534566 
64.99189178707483 
64.61904736486514 
65.08900393693715 
65.95218012135557 
63.06524465338721 
67.11514384352829 
65.23205081860125 
63.77516120026829 
65.63131903095828 
66.6665560700603 
64.64116525546893 
67.05268138158421 
66.73654570677276 
67.3654564776361 
68.83659835184888 
70.37239516786263 
69.92610300871833 
68.96938053871047 
69.0967550654906 
68.38492137748682 
68.29567104666832 
66.8757050966258 
67.31372035115507 
67.58861827849243 
68.22747863548295 
68.61972062663793 
67.90275301497813 
65.06883491160397 
68.09744236312484 
69.31196600721566 
69.25309511719536 
70.18763333433057 
71.40894034377966 
69.65745707391058 
70.69630502417043 
72.60797157798436 
72.81369363892154 
71.13150402142226 
70.66589392616831 
72.45729234902302 
72.4682727853029 
72.53331420935781 
72.3194904238443 
72.18995256745383 
73.54215596958223 
71.96305432926276 
72.23988131141878 
72.48036183551017 
71.41478842939276 
72.42690237945823 
72.8943354306147 
73.24950395038887 
73.64901127246087 
72.72756828313568 
72.72037669897169 
72.51344842794289 
72.24266541784502 
71.88693020746106 
72.49817412669726 
72.04483488025144 
72.57204228596578 
71.95850930827736 
70.67882869988436 
71.5185601547566 
72.39173462483626 
73.03399342593424 
75.37561096672975 
75.36134539914126 
74.93357108556776 
74.4823240217603 
75.31309767912735 
75.39854864448424 
76.00737288326307 
75.04353091584251 
75.89730886898339 
76.07051589988599 
76.85579269711963 
78.23746914247769 
77.2477294598376 
75.89846331197529 
77.43108215330638 
76.76936046594237 
76.70325770204084 
77.98110171261789 
76.54484706088041 
75.49648543807825 
75.90724443485308 
74.35633294456692 
74.311290693477 
73.43486293085047 
73.551260842161 
74.00615308667541 
73.4102370150619 
73.70091647109132 
74.78764243031794 
76.18433517380569 
75.72934667727934 
78.29572675659368 
75.71606314128877 
76.75221447684599 
81.1121151258376 
78.10045482154901 
77.70007764693283 
77.7878458856602 
75.27726635407299 
74.31867512914448 
75.67900859037347 
77.77707065511323 
77.36348815075371 
80.13101234267597 
81.44532648583653 
78.94906372327878 
76.36745254163634 
76.14367054310905 
77.05168588355203 
77.21577751068715 
79.20397229188782 
79.7080065019728 
79.71994691683965 
76.49277631456688 
76.55587391521033 
78.6768544682009 
79.5625075606109 
80.26424142602492 
81.01527448034452 
78.58013124016587 
77.71909260353408 
77.78458953936139 
76.92683526000374 
76.26001567086085 
77.69739482286748 
78.6826796782239 
77.5876077095604 
77.49672462214495 
76.67519626660162 
74.35840636391104 
74.73174881226363 
76.33757602281888 
75.26303242930851 
75.63613255520073 
73.1931148033626 
72.72205255369292 
73.38857675080102 
74.23745780115856 
71.44412121037504 
71.70208265021182 
73.47205484832763 
75.03262974772353 
73.78719770128357 
75.78236456510652 
77.3372732360999 
78.46224892885232 
80.91211290794953 
83.39942421089428 
84.69443965430861 
81.9407824315287 
81.02806583907767 
81.71991865295561 
82.62512671908625 
85.18490947284718 
83.70542771391327 
83.55555064606766 
88.05802282561146 
85.23163051725287 
81.98948126482388 
81.60203275857826 
79.16967330854203 
82.33505638982733 
81.39478855686092 
80.76779553289327 
81.62079988144787 
82.36638608481005 
84.91002525907396 
89.23674190097344 
87.29657454513061 
82.96362902684622 
80.55938222503231 
82.44086072213778 
84.1082354864687 
85.07596219346489 
82.8419326098122 
83.3937025622765 
82.28953809685397 
82.22912362919868 
79.2919781578675 
80.34822400917271 
83.01430222413794 
83.50711796824517 
84.09566918589827 
82.39239042056475 
81.33724358550131 
79.8452614604604 
79.50567667264622 
79.66333413460853 
82.50788203902822 
82.72371216498107 
85.02305113472711 
84.84180980521467 
82.45920284134036 
84.56617262345317 
84.93992863599455 
85.05346943969496 
86.31382933609694 
90.27604242783497 
88.38910277752638 
88.64826142905713 
89.56460723208372 
90.50466281901616 
93.59928438562912 
93.14553152369984 
92.51977163946616 
92.44546800653278 
95.70298105952006 
93.36051843637239 
94.00955389176944 
94.27787673509881 
93.3790143031131 
94.48857695783775 
94.24601964067423 
91.62928214062856 
88.49907290739164 
89.42862017491969 
92.84573473407987 
91.35233708231063 
91.78794147400976 
92.87261806713757 
94.21155832006217 
95.19229760848299 
95.27902769050007 
95.66542648145135 
97.76903827246055 
97.09146724996071 
96.51261121247573 
101.16755441008908 
98.15912987439897 
97.70190582102722 
98.7034371856257 
101.12074607200714 
102.62330541780294 
102.82201369682477 
104.2490186707856 
102.19029153654222 
107.11918791758704 
107.49040182739408 
109.20335457973263 
107.67929433534671 
106.43626231300432 
104.22345640411964 
102.25095811230818 
102.19650174956706 
103.00984791841809 
103.07845196075431 
101.46481873534758 
95.90018924158976 
95.81816704576305 
96.93642821399371 
96.84638644024382 
96.86826151765305 
99.53024192618001 
102.65142104043133 
101.85074341847634 
101.41946968785275 
100.98446016397341 
101.39413695293821 
102.82442520073863 
102.76748587973742 
103.24147897971692 
103.83868878937147 
104.65548382955728 
105.99372624244813 
104.96249225660912 
101.89419062086371 
99.63366763343454 
99.1720980938265 
102.83865214953147 
105.51001226098933 
106.74690631121794 
105.60896795253403 
105.49589396211748 
105.72792137197659 
109.40008801060539 
109.31815139830398 
108.48917104678006 
107.6728363123446 
109.04693075485639 
108.61739960795485 
105.75381686879174 
106.81221392941772 
101.46010076923807 
100.54219766142187 
99.94284074259149 
99.22919239873964 
99.16611171311071 
98.56516027357381 
101.17333274045284 
100.44793771409566 
103.4339191107943 
105.39484921995803 
105.7531277777576 
105.18501514050591 
105.51890607306487 
104.51634520773212 
107.65302408754094 
106.95878089606778 
109.63158234029221 
108.99314309225804 
110.84147043722814 
106.96618920369305 
104.17565296341661 
100.7270028952117 
99.97888017885009 
99.52284015780815 
94.93995722684383 
92.52330818595956 
91.05074636146352 
88.49132368762709 
90.16172437272235 
92.85335466226077 
94.98405728090513 
92.55653083366549 
94.03603587080462 
95.15415038883582 
95.90857920412704 
99.14313064988954 
103.26524777065009 
107.02079986705756 
108.73448307844866 
109.31228752257421 
110.06696672815667 
108.51576522481001 
110.16515800812721 
110.0382938732051 
109.0114692494839 
109.94082890646263 
109.72229262366672 
113.57450360786206 
114.75690949593545 
113.38686265500448 
113.10920908732396 
111.61774737847892 
111.40698774992408 
109.54454136771471 
107.95892874334628 
108.0130391066238 
109.93155483529893 
110.84232307442701 
109.57948078301848 
109.67114429302423 
109.16977012343871 
108.73958754926917 
111.13202990473721 
110.36183394345781 
110.26268646681999 
112.59554330245571 
111.37858168501472 
109.29744972028308 
111.23754040616917 
108.2339100695264 
111.82547215932124 
111.47183524584645 
111.57822769817531 
110.28290056597588 
110.93108858121032 
108.87716893452374 
106.42885964200529 
106.40382043848223 
109.90162018269001 
108.22079986804108 
106.46374943623412 
107.24200204097072 
110.20650616880023 
113.68594674302075 
117.33508717933768 
117.57156259341562 
115.48312000985504 
119.79143015184509 
116.86447731505763 
117.75480117074966 
120.53739142009027 
122.6041718276963 
120.79579108153452 
123.22079756691812 
117.37269904832502 
118.68653356475089 
117.41238556449524 
114.90235151477162 
114.86677999070398 
113.70573398046018 
119.51593347719599 
117.8323027094017 
113.01828015544888 
116.93842407019432 
116.43360492748006 
119.25866990133513 
122.02346115771412 
120.84649201865153 
121.85005763816726 
124.73354238887848 
125.44261910910708 
124.80729932187175 
120.88747776635391 
122.29781347987385 
124.30939881187639 
120.54253921411065 
121.93060544766232 
120.44554577038419 
118.2347383541861 
116.08816113316401 
119.59206074099282 
115.1963084086311 
114.84401806706822 
114.25114424706547 
115.49098914202393 
112.731099840492 
112.84940372735831 
115.86616590440026 
114.18857535981998 
120.98246351183076 
122.84247392210484 
120.9922896000833 
121.94175733907977 
118.21484426200423 
116.97515249759391 
114.1890705990762 
110.61010635827857 
107.79995655517384 
107.93054383929177 
108.59882020140242 
106.05197125034174 
107.67344753173212 
106.57189045405882 
107.09971222259507 
108.77748530589072 
108.58569381402503 
110.41705965541483 
111.33129322656174 
112.57369758153573 
110.59690650132595 
110.17519607767487 
112.7254182997087 
115.13862528503472 
113.98129793214636 
111.84405558578692 
110.66130920454844 
112.60698783683571 
111.16844768300346 
109.6460206017707 
108.87981953197102 
117.40973174765291 
116.81360923412458 
116.12391285675866 
115.88143933425994 
113.6378191275521 
114.92871401831779 
116.24207173986984 
115.83363144630964 
117.23847412628574 
114.77505868262126 
113.92168851110202 
114.43562155977473 
112.69917547711235 
114.28307185780342 
115.89172228099302 
118.06950754925822 
118.76952538143456 
118.84184298623552 
120.56858087668523 
121.0347688481613 
119.30561985094747 
119.09676313717397 
115.46847706707376 
113.62066787675559 
115.76638594461437 
120.64006488889044 
121.88471811380322 
118.34539411592363 
116.56801188074863 
113.52570550515473 
112.17281431303138 
110.58661009061368 
111.45707880116672 
111.4547346480689 
110.6922319729224 
110.94965796433877 
110.24996426890928 
112.55416611550925 
113.03695694455273 
112.85384712377065 
113.0327994247101 
113.27613138093547 
111.59698172561174 
111.89953501783931 
116.93352265125259 
117.52409105951114 
122.09179073211946 
123.83020518356716 
126.61761337076781 
124.36183733427035 
124.78947123980788 
120.65102900712216 
116.88604744405363 
114.75814483583011 
110.10861947065486 
108.52905726840906 
109.89080804880724 
110.63210483190004 
110.68780897367616 
114.46140343368107 
115.77858619418367 
116.73284125345361 
116.03030020902143 
116.66172488391537 
115.60615620780754 
113.34271359063689 
113.7992032426845 
111.88061795010627 
109.55559001730941 
113.33589458626827 
108.98170255729202 
112.21422521767634 
110.87771509121347 
111.11414445617982 
112.84304895369587 
117.84209663563452 
116.72477430341871 
115.50045332708815 
115.0668375152031 
113.86090877327435 
117.11876949428503 
117.22005447347235 
116.77147585302457 
114.36071727386188 
112.86618571951156 
112.24991413988573 
115.32629729447699 
113.24463410028663 
112.9063691930766 
109.88118142320388 
106.59268026426611 
109.98115266343358 
109.59974192673195 
111.72286889923991 
111.04865465084632 
110.58180145328535 
111.66188714946826 
109.28879859194309 
109.11286905647529 
109.42943105137334 
110.93276088602435 
113.69780426090374 
112.89226238013968 
113.16994232302667 
113.98708727214206 
114.12346503525141 
111.64741004327263 
109.92361881189005 
108.22748701173268 
107.79012902690793 
109.4473886909188 
109.68181736854442 
110.36601851518918 
110.17953165080047 
114.78904071117046 
112.56248860023081 
111.87832339371725 
115.24668109882771 
118.61892715106117 
120.3885900235883 
116.7250652513093 
117.23282453436089 
114.7108025269113 
115.40104099189287 
108.84678185352024 
113.39495193872038 
114.73442268154868 
112.65926229241451 
111.69276667944156 
109.8683992044521 
109.82813377008294 
113.1385442823839 
109.41303556788938 
109.61051208542503 
114.79005352387614 
114.61669751601778 
112.20573115369405 
106.72207252591318 
106.59038020828739 
107.9129792632053 
111.49633704618847 
111.28946069057638 
113.8314736447819 
114.36730337070385 
114.87234345522457 
112.41076821068275 
116.04965843496437 
112.86006210675272 
105.4922119000801 
104.51520907794271 
105.75245897850792 
108.03744207644607 
108.93029556296679 
110.18848723684557 
107.38837529675511 
104.95962029347774 
108.35259617514333 
107.65949060838166 
107.5013308088238 
112.35542601053392 
115.04114395507564 
114.15399305524879 
114.96524744105615 
114.78747109253943 
115.00549003692622 
113.73147068992327 
111.00765566022383 
109.88004693685207 
109.11304842484667 
110.53599678101597 
108.28778432099134 
106.65890834032578 
100.88583566199011 
104.41474808061481 
103.32076983449686 
108.10958154838248 
106.46547894868738 
108.02376378086046 
106.5319730390859 
105.84575435942425 
107.43026753039531 
108.03660296692077 
108.52351052928326 
109.34581228382747 
111.31282595372569 
111.01730343441996 
110.75736641590605 
108.58468800794331 
105.67055436945336 
102.1276138160674 
104.09361507743144 
101.9676249786448 
102.88168926138876 
105.50738005170905 
110.27728801403353 
107.15039053081647 
108.48323931642832 
111.54837814299837 
110.16662924570716 
108.10941742821736 
110.02685068465004 
106.75909708599511 
105.17823745781669 
106.40050752410194 
107.49916142392148 
110.2006746160997 
108.95652244264245 
109.28288307561546 
106.96688976666267 
106.85940768312064 
104.54895140841603 
99.62983601078098 
99.69299217586702 
102.25742683008365 
100.85125389306357 
99.48841237959606 
95.33636504468785 
95.03669404666792 
96.60113836678221 
99.25247622926508 
101.40513439015511 
102.75533526406915 
101.95529995002606 
102.5220072900379 
109.56130721616555 
110.07223523479041 
110.52877578678529 
117.0717060269126 
117.93215107661797 
115.57188591703301 
114.46994014941272 
114.22853085882355 
113.01267178947272 
113.39228669982205 
110.00164453298765 
109.29871622168822 
114.01291816617204 
116.40079367002102 
117.23296847460698 
118.22539995879296 
118.89920274826326 
117.03704504963133 
115.54137573287953 
111.7436196016015 
112.43860757618538 
113.15278775353505 
111.0668335343283 
113.03982802160908 
109.04981644524412 
110.42290466311152 
110.80341972021627 
112.11300705450667 
113.10961576238996 
116.6013427839629 
117.92540679801213 
120.12127734527483 
120.04139335317019 
118.52307254685863 
118.9996348907995 
114.24768490709302 
114.81340757829133 
112.41986597407002 
111.49507048722548 
114.77665737373682 
113.51390392693872 
110.25967225659078 
108.9783663384714 
106.16089363093512 
110.25224298982486 
106.83081641037579 
109.52977882803107 
111.08816062028 
111.63419176012438 
111.03376034230575 
110.51174849485157 
111.1488643759359 
112.32628861898594 
112.32999501394069 
114.97823601925042 
114.0080731822408 
116.28804294116127 
121.95641692358024 
118.80425690123647 
118.54164011494974 
113.17493010890227 
119.07984052427902 
115.55926563574461 
113.68783970514293 
113.19650900227954 
111.32331741286436 
114.08748402022418 
116.42919231427742 
114.22757270272062 
108.91511068400693 
109.43647335991406 
112.93586425467649 
115.87296845767848 
121.41450973372133 
120.31550374572626 
115.25934909307627 
124.33762881179246 
117.39178018087676 
117.83540955756692 
118.47118728757101 
118.46964369649531 
114.02309204729971 
115.37045445341138 
116.94453504638743 
118.26556014749978 
122.6840300840842 
125.51591453611155 
131.3235635404005 
127.26730529796838 
124.72377058490802 
127.18035018288798 
125.8737149944113 
124.7736067642471 
123.79954613226475 
121.30116438675553 
120.30206140728559 
122.77322838107274 
121.99856385258123 
122.53129008898959 
120.63387594234115 
122.16763967733975 
121.33928925836237 
122.1707851358955 
121.78463169004152 
123.31542280780515 
124.14747705901591 
123.27201897391531 
125.2808086921029 
130.65384050287236 
129.95939607496305 
130.40022336956386 
129.56619210373347 
125.32301486331426 
131.3066315014996 
127.70236602989914 
126.49922722926492 
126.979370342286 
127.11729999280936 
131.12820626370745 
132.95982901803393 
135.51483315500184 
133.27182951318153 
134.7926872359833 
134.5857215782531 
134.9014583019231 
134.14322092498207 
134.4681476853531 
131.717473631586 
125.67990217849322 
126.84798503540289 
124.8120479532061 
123.29782441209233 
123.6824930567375 
125.73363591474306 
125.14786846812976 
125.7586309727404 
132.57481066693495 
134.79788091607827 
133.47190732170046 
125.47340825521458 
125.0868848724589 
124.0281184090729 
126.16827639679903 
129.83829088440578 
132.18317104190012 
129.63435844543966 
127.13505799243387 
126.49525816455642 
125.08684307523946 
123.49990334826215 
121.74735870391653 
120.92066635523166 
122.42900593317756 
123.73737712698272 
121.97883620672974 
125.39121581584774 
126.65884033082773 
130.0483382610378 
123.77851682959484 
124.07985262531959 
128.4073326152317 
129.2141346869581 
130.4270747069046 
131.33191968431768 
131.62977240524359 
135.77336852365806 
131.11798756675373 
132.7747904251997 
128.6323597747329 
129.64931488805965 
133.5719378200362 
129.24255231573312 
130.22866267401585 
127.56363295268363 
128.03056507491738 
133.31818491373323 
138.32636830722166 
134.8681309236724 
137.86885478076584 
143.01670300958736 
137.38761962070322 
134.44252626244872 
134.52519441873181 
134.15652396632936 
131.3573767950818 
130.84503461764254 
127.02025436843489 
126.59197438845358 
128.93371874218494 
133.9983999857152 
132.37985019913486 
133.76018814170368 
131.52351011760453 
133.7870019333682 
131.57403346858658 
129.41730013683633 
130.31022301221643 
128.80779551039942 
131.65747225498095 
131.35653202723046 
130.24614591990925 
132.8230053893087 
135.43887318786935 
127.12782894110644 
129.56967068901045 
132.5562974887413 
141.45861446507809 
139.56600515993952 
138.43360371444427 
137.25267153766592 
142.81995118346558 
142.78580499609996 
142.9495285812068 
140.51262414290596 
142.0090037428817 
142.32478646741967 
142.05760196325605 
139.3913463314102 
140.1143805609562 
139.91716883255748 
141.3214607700473 
144.04650009396423 
145.05847430206418 
142.8401755488979 
142.26918569798556 
146.91322460311247 
144.18738026914792 
141.98054017836273 
138.69381274159792 
136.5893098144987 
139.65582100802968 
137.53878777221803 
133.87685347943093 
131.90799340047408 
131.66883259486508 
131.96132205703293 
133.42739597562317 
129.25945959476113 
129.93790589546396 
133.25122660096224 
127.87923073032637 
120.0656650705317 
116.67871700960667 
120.14505410879812 
115.54027798580219 
112.33448460332423 
116.63853797675176 
121.8912104609397 
127.51301091732329 
129.33579321704394 
124.92321688153874 
122.35505905685976 
127.06630385679506 
125.84415543127854 
122.26368470584882 
127.49722406651416 
127.9720474147461 
122.17051034466905 
131.23581160003508 
134.01760378859618 
130.67671614708289 
126.07798288516898 
118.73856081646792 
118.17125680719352 
117.56389675825443 
120.22692480224312 
115.29328314041457 
117.05426637581151 
118.88097103513061 
119.99782021820359 
119.2798555418113 
119.1417359020824 
117.36144775312678 
126.32820450998659 
124.04563383431035 
122.53804481645336 
125.31400016323269 
128.84935337886094 
130.72734755054407 
129.37411599617297 
130.9660925675885 
128.36679366717772 
128.20025596853174 
130.90871916260159 
127.9498727565547 
127.72728123203218 
129.23531309102466 
130.6604227326487 
129.63546015169393 
132.2977626651169 
132.83035615682772 
132.02982438060545 
130.48796889501767 
132.19604522186057 
126.95919681848642 
126.47742096345455 
124.28287733661853 
126.08438591444065 
131.96650341945454 
124.80551912915645 
126.68743137671093 
123.49268008808602 
128.61123917332168 
130.48962544636566 
133.27456001890945 
127.46147322450415 
124.26732735910629 
123.22841294352017 
124.81751891129133 
122.99660401759814 
124.25314813070003 
124.96469773446907 
124.257798765842 
119.0296039231672 
120.10490359363966 
124.86608221678154 
128.89471363532093 
131.89992616091993 
132.48652654807427 
132.8660753638816 
141.05332219532656 
138.27315940972787 
136.3391009451087 
135.0450341133352 
125.01861973517752 
122.33161759140518 
124.52018347654017 
130.49008104209258 
129.8601538611902 
126.49582357378533 
123.06436099956429 
118.25110756717969 
114.94573385895238 
111.58268563062823 
117.45875709449878 
115.58528718869869 
116.36737168424926 
115.94765056974411 
121.40899658996805 
128.01411801351495 
124.57847175735488 
119.2249054863088 
118.95115327846361 
123.39625204312814 
125.40325507395916 
122.48175239598038 
127.00095068505725 
127.01821738063252 
131.97426006638085 
130.41574561504953 
132.73157821495067 
133.61814727320242 
129.07917091130813 
125.79986878917161 
123.71921937939351 
128.7129553314447 
126.77089422354523 
125.87411311840252 
121.92065477740218 
118.57516388704443 
115.68840131281748 
117.13290530707705 
115.67052638822328 
110.40221536154668 
111.80013980674887 
117.78920676150219 
116.50581416439974 
123.50359022455002 
120.47965606122547 
117.92226748694885 
112.14353978930203 
106.7108766544148 
109.72839973241456 
109.96037411351894 
108.73470402239873 
111.39301385544552 
108.56355472060112 
110.53675247382169 
106.63616666202424 
107.04178657432621 
107.7247756435115 
104.30739765460183 
105.27022419538004 
107.60021465877475 
117.22081325349244 
116.91214824139482 
116.53571499572296 
114.05304268203287 
113.80874495827774 
116.21229454385274 
120.36818449593203 
119.35950506612191 
121.70172307797235 
120.96172401497122 
122.74555230512705 
127.23469420213513 
126.15268768769369 
121.79766262185302 
119.92411682237635 
119.39807389717662 
118.95626244967005 
122.26164366347359 
116.18051083931108 
113.1646240854013 
114.73454807004002 
113.68924454517789 
114.34281623064254 
116.55023423381762 
118.56598671413649 
117.22954249682316 
119.04961597330939 
128.08559614261793 
131.3667502837229 
134.99395990127937 
133.67303310676937 
131.12132962314172 
129.6020295248453 
129.06309881718224 
129.21514485446465 
128.8277701808638 
128.4258050426332 
121.77960461594563 
128.36718941517654 
126.38135109190168 
129.78696528812404 
128.30271668103458 
128.64233382351406 
125.53919178521973 
132.5492326481859 
131.34377277787817 
132.5364157127244 
137.00337822331915 
136.78740247632845 
133.89411599419267 
132.76967831371445 
132.15753646278765 
132.97862359243223 
135.29298099305402 
137.43335433035006 
135.47785019987828 
129.78434375819836 
134.67193465987162 
130.99517075198062 
134.69406780387231 
129.45226805154854 
126.94943046428313 
124.41893115274249 
122.22137446045521 
125.39352578147303 
124.75287223705803 
124.0277062211023 
124.27714134400493 
125.77900465013182 
128.07898370996134 
130.29304585904939 
128.36294686804115 
124.91255786897293 
124.245035607346 
124.56782819600095 
121.06935179502509 
127.77583010534406 
124.94714225978636 
125.35431843404646 
126.00190844241457 
134.05209360070683 
137.78564079953438 
138.57655113227943 
139.98795895632037 
143.32256268070248 
144.4195723373023 
143.28072205130715 
137.68978740457734 
135.30000779351988 
136.00389795612674 
134.7286293612872 
132.95230286887355 
134.18832565817775 
128.45613447258006 
126.1239443459165 
121.64238104060976 
124.19081827669204 
132.1371477000066 
127.38623713830096 
127.1177441227862 
131.9854896629694 
136.28490612919092 
135.7738178587029 
138.92176464995273 
133.50015020833732 
128.0706024810723 
123.07417160276555 
126.95884933529844 
127.92375644390393 
126.57210870312169 
127.78408361300714 
130.159519352084 
135.49957211274895 
129.25540795003664 
125.11564460931906 
128.79544630911127 
123.8587543752109 
122.83517244828361 
121.13940601006561 
119.31946195520695 
124.75388040534345 
127.07747691978959 
124.72737395108182 
128.52735053849003 
131.9055659590927 
133.99442618079118 
142.8678991216292 
142.36177783802202 
136.88209443699856 
138.55406934301914 
130.3583764441292 
128.6778780527558 
128.9414784027193 
130.4738395061685 
130.96759641720197 
132.98936190813495 
132.63877073504923 
131.77256011881673 
133.42988750103183 
128.89746829762768 
130.34066396967563 
137.29557561500502 
138.05378950867896 
142.35677400505915 
143.16601481231578 
135.38658839066298 
142.36104676461642 
140.68812404650146 
142.76946837986128 
144.18610409468832 
137.50566769759124 
134.90752524019075 
141.35913329461826 
140.73406715498254 
140.6932296862662 
137.04470544561613 
126.19999226038793 
123.66589925364457 
128.14735812686317 
134.90810243593145 
136.68330277932193 
136.76863400083616 
131.97018977868268 
132.50096772892132 
130.8629269005904 
134.75464056813473 
130.6567599299531 
128.9747087654485 
126.54542077857276 
131.91791210888448 
135.68033511782713 
130.9778168248956 
130.91598488045497 
132.4708116972706 
127.44954660109788 
124.1456340484421 
127.47521842587574 
131.86974982356818 
140.4066553560668 
141.64062494937477 
143.23902780639486 
141.1382103074454 
134.57784391575183 
134.35017223776075 
133.5376432006128 
137.84011086223828 
132.7835229577738 
131.6229236170991 
131.8470895407686 
127.1188688122458 
128.44476824750853 
124.18740567938579 
126.68655654868408 
127.85948070619277 
132.88589227505184 
134.97538179154836 
135.7436064325149 
132.46365569577122 
128.44337737483997 
132.4279196307359 
134.07886106670114 
128.23768931067855 
131.88318720376972 
128.7358582426517 
134.18007408899123 
139.19463002710364 
140.98181921243864 
141.21202514692243 
142.66642999161513 
141.2790021133944 
136.63571432652236 
137.27716919988222 
136.68890258747786 
136.5489995664971 
134.82639448636579 
130.67136161714603 
133.05185312814996 
135.80620879941625 
131.91231585840282 
127.6152069015497 
130.15500871718356 
128.9715387932695 
127.32763089916378 
126.8887495912586 
123.89948619880917 
130.92213688826257 
128.0629899458964 
131.4370406629498 
132.26411763767686 
138.39115472976124 
135.8937484877878 
134.7583897417858 
136.89127906972402 
137.42344009920322 
136.96707675512016 
132.2877994428774 
127.57883051378464 
127.59072611033694 
128.7596495089566 
127.110425090613 
128.8588718118744 
129.80383244499257 
136.99355990375415 
137.8000951236393 
134.76849968597068 
136.07790035761943 
136.99503508224896 
135.5947229715914 
137.35112363044774 
143.4015696652939 
135.3243635583967 
137.77227051845776 
138.3537576535916 
146.87877814444022 
138.88284088059964 
138.3032245809624 
139.5369008673048 
148.44572625593275 
148.32503687207785 
145.668301565809 
147.70784840340434 
142.66643225525632 
133.1708260190449 
133.85385198927273 
132.18705239482875 
129.31129280583383 
131.33279490263155 
132.3378687388654 
135.68981561526874 
136.05025218182575 
137.0715669442554 
130.86692344613974 
124.23517931163927 
122.99668225658385 
122.22563388414721 
124.27403648563065 
130.30606230319887 
130.19488268521863 
129.11248384248717 
132.49614417291698 
133.79207616573532 
136.5147036009617 
133.16237286644926 
132.33360429550353 
129.95428522476547 
127.05861588135406 
129.09053484349076 
129.62699112269794 
128.2753536632858 
131.9547169781854 
135.25623823793208 
133.5341736987942 
142.8151911660661 
141.91114786790794 
144.91507004119492 
140.6588533593069 
139.7029995995202 
139.74631597619853 
138.24248482450716 
138.2071443772193 
131.73319804531715 
128.40838338308208 
120.7254553852648 
120.17624695861463 
124.48228449024852 
125.67194011988848 
130.24496260833726 
134.4870387635319 
125.91408835471645 
120.36720178606193 
121.2820137687514 
119.090558819937 
123.39164281662958 
124.36844202231981 
123.69886722914397 
121.66853686702478 
132.86650397417526 
121.53209332033542 
122.36273841830071 
124.76813066620701 
124.84158035592303 
128.69013201156469 
131.20935798534185 
129.10946596178496 
126.81195725367924 
126.21376922793623 
125.17896690384386 
126.47135879686263 
120.24815365697526 
121.06436668866792 
122.74280971644417 
125.96001265759458 
126.26183346925737 
125.80405267324524 
125.75275911218907 
128.25674865141113 
128.07360306402234 
129.87923640820296 
128.31740478266022 
129.35467043843445 
127.7229601068134 
131.28746766927048 
133.35671216588273 
128.12596150806127 
128.22558212243425 
124.89629225385595 
124.9935962579312 
121.46815338496872 
118.21259659463459 
113.56912281592464 
112.3656809630449 
116.36908725221234 
120.3887297150817 
118.88572758597911 
119.88688400835201 
119.36148297408751 
116.68698726691416 
115.64507018978499 
121.95719938200008 
124.77557025062168 
126.55394186065259 
132.30120474725612 
140.24516006186687 
138.14476706376104 
140.0122326883188 
141.03933702986944 
138.24613883699917 
135.21776408179963 
137.9322097078111 
138.7581254342001 
138.76359035684078 
139.4486225221843 
142.06260615894007 
139.42953963772064 
140.59742333566462 
137.84815041234592 
134.7183172924711 
137.80370035073219 
137.48590691387466 
135.7337542324203 
145.9308348954449 
137.20680822780622 
134.82725205332432 
132.02597474951924 
124.23969119272213 
126.77413971815112 
125.30372215791688 
131.22111059782014 
127.27201842764303 
123.35596534014842 
117.82500949432482 
128.45780991169354 
130.43193575076802 
127.29796524812846 
123.24901712362072 
121.07805733696331 
126.42075511937941 
129.87712001238344 
130.34865554841647 
127.57362619463456 
126.0747183161801 
120.75868258399393 
125.64969062376805 
127.40995378038141 
130.42678886785674 
130.98756848857857 
137.56659400657864 
131.6304851218805 
134.28700601197522 
130.13171498739868 
130.10402719361025 
119.61259180145645 
121.79699837524232 
120.7195320235299 
123.18594944742843 
126.17605419678333 
127.31330180711457 
127.94681055609696 
127.74325433827565 
132.84976538283422 
137.06729778679568 
139.29396094977093 
133.63461280552988 
132.04053849971035 
129.54133252198054 
129.15738432595745 
135.08218292801487 
141.91141150171393 
131.82236088004277 
134.9388440134156 
134.62351737210878 
129.84126816764186 
126.7815505188918 
126.04988121280924 
130.10025301146348 
131.1558954136857 
129.69622115345126 
131.55245909911775 
130.02789347050546 
126.5962376962939 
123.94192221993728 
118.98613112648603 
126.78696619658379 
128.53278382887387 
126.94655605575326 
136.4747486083787 
129.95685344467242 
130.9287829641772 
138.17021588257515 
139.41801676725947 
137.95978113167283 
132.98345352929888 
138.42759912203599 
133.87976458091745 
133.4142085575015 
142.7113035167555 
141.9874346685238 
144.20632794084406 
141.66094215832453 
142.97930896560908 
138.00918260646625 
133.80240919323356 
130.3104949239195 
125.74635590367464 
125.49409750270048 
134.50176349342064 
136.4769273845957 
144.49757642770635 
144.73668873386492 
144.30732102670405 
139.0732243444841 
136.20591422423615 
138.08562021254696 
140.00461125508667 
143.69065940546895 
144.1448586159461 
143.4786508070731 
141.12621376397365 
139.36974730685913 
137.26295122003927 
140.45468346212238 
140.19325191991595 
139.55209930468752 
135.56349603293535 
129.65985854060096 
138.8583254371683 
138.54265825933703 
143.49871615446966 
139.5057719517952 
138.8040860496175 
138.80313919807762 
144.15973124412906 
142.07288588735534 
142.5502182998891 
142.0727212723437 
139.50833190594682 
147.82832556240226 
144.22546215001844 
140.43594488895673 
141.3416397242788 
131.94828811437404 
134.69920391171758 
132.2076304517402 
136.4308345477146 
130.2415392285636 
128.04282614384692 
124.4963317191823 
122.90653386657358 
125.19897650050592 
130.69430144448262 
123.74057958798815 
122.87825849326325 
129.69897316141333 
132.2369021583126 
130.56561324893738 
127.92150681705765 
134.84239025774937 
135.13212144667938 
135.3313350744062 
134.72061202307543 
134.74643375213248 
135.38375362931765 
129.99441210348516 
131.73234783212973 
137.2282278096429 
129.9354840884887 
132.60789143288957 
127.73732680885604 
126.96311679626155 
120.9338407965024 
125.1096013501344 
123.14756687260962 
119.96697086808992 
116.9368964110188 
122.20120334635591 
116.78311155437304 
115.80085340299308 
119.74965332649371 
124.53559267522066 
128.07250389145977 
135.83304726253354 
134.33431959902657 
138.21790304919438 
134.8397659800854 
135.30724793368043 
136.38692985687416 
142.66741138235705 
141.49949027987995 
144.1341301492528 
147.4390467138967 
143.99600466642616 
138.7995896823479 
136.8445100167376 
137.17760250382682 
138.23093745856883 
139.38143467365185 
137.15932167181367 
140.34756138176752 
134.4933063114071 
135.0524368723559 
135.75155162597505 
135.52729385123843 
136.40450766509366 
136.78368024833168 
137.34149157559986 
138.24256011957533 
141.85773389565134 
135.93031779030485 
135.76383653428763 
133.73297714729918 
140.83732654891466 
136.8651801189674 
137.73970102552957 
131.7707503971862 
132.75318268999789 
132.38062808435228 
133.92774916362902 
131.0524154173831 
134.3204474509935 
135.64230857255217 
134.2339118159712 
135.5655105377605 
