THRUPD                 10   2.00000000E-03   2.30602068E-02   7.46310237E-02   2.37614762E-02
THRUPD                 33   2.30602068E-02   2.32907291E-02   7.27191860E-02   2.24730841E-02
THRUPD                 88   2.32907291E-02   2.38716842E-02   8.18539244E-02   2.60756514E-02
THRUPD                140   2.38716842E-02   2.49397317E-02   1.20781036E-01   3.69167730E-02
THRUPD                216   2.49397317E-02   2.55219956E-02   1.10788190E-01   3.16753758E-02
THRUPD                369   2.55219956E-02   2.59645078E-02   9.70079056E-02   2.24278339E-02
THRUPD                419   2.59645078E-02   2.72961514E-02   1.33947043E-01   3.30450158E-02
THRUPD                502   2.72961514E-02   2.76662212E-02   1.25122784E-01   2.44051825E-02
THRUPD                597   2.76662212E-02   2.79887062E-02   1.18752739E-01   1.78392492E-02
THRUPD                732   2.79887062E-02   2.84507083E-02   1.15094787E-01   1.60525058E-02
THRUPD                791   2.84507083E-02   2.92844880E-02   1.22707604E-01   2.10318558E-02
THRUPD               1121   2.92844880E-02   3.05001463E-02   1.21224597E-01   2.14322460E-02
THRUPD               1443   3.05001463E-02   3.06718933E-02   1.16816946E-01   1.17324571E-02
THRUPD               1633   3.06718933E-02   3.04369150E-02   1.16686483E-01   1.37226531E-02
THRUPD               2041   3.04369150E-02   3.03992650E-02   1.18007399E-01   2.20860651E-04
THRUPD               2742   3.03992650E-02   3.06694090E-02   1.09109357E-01  -1.20055096E-02
THRUPD               2950   3.06694090E-02   3.00681022E-02   9.48315269E-02  -1.96360915E-03
THRUPD               3080   3.00681022E-02   3.06419365E-02   9.28884144E-02  -2.02744826E-03
THRUPD               3801   3.06419365E-02   3.08965703E-02   8.76495928E-02  -7.92444634E-03
THRUPD               4202   3.08965703E-02   3.10982235E-02   8.75330999E-02  -7.13561204E-03
THRUPD               4544   3.10982235E-02   3.07011898E-02   8.14080450E-02  -1.44373842E-03
THRUPD               4892   3.07011898E-02   3.00901104E-02   5.54749997E-02   9.93204798E-03
THRUPD               5000   3.00901104E-02   2.94798485E-02   9.25469730E-02  -5.55105910E-03