THRUPD                 12   2.00000000E-03   2.50403616E-02   2.76144304E-01  -8.89001412E-02
THRUPD                 22   2.50403616E-02   2.37122748E-02   1.97942920E-01  -4.42596866E-02
THRUPD                 56   2.37122748E-02   2.42265490E-02   2.41418676E-01   1.59145517E-02
THRUPD                106   2.42265490E-02   2.52187515E-02   2.86912182E-01   5.92390086E-02
THRUPD                115   2.52187515E-02   2.75050149E-02   3.62060388E-01   9.94370422E-02
THRUPD                165   2.75050149E-02   2.89089935E-02   3.55482886E-01   1.04221659E-01
THRUPD                215   2.89089935E-02   3.18685060E-02   3.74036976E-01   1.17982613E-01
THRUPD                292   3.18685060E-02   3.46300807E-02   3.52052948E-01   1.12724567E-01
THRUPD                378   3.46300807E-02   3.70936480E-02   3.07770103E-01   9.30989760E-02
THRUPD                553   3.70936480E-02   3.92602516E-02   2.45730688E-01   6.14142890E-02
THRUPD                686   3.92602516E-02   4.19527407E-02   1.57148899E-01   3.08561747E-02
THRUPD                819   4.19527407E-02   4.37324727E-02   1.03088009E-01   1.15813543E-02
THRUPD                961   4.37324727E-02   4.43368868E-02   9.33833218E-02   4.22611981E-03
THRUPD               1098   4.43368868E-02   4.47697666E-02   8.37520826E-02  -5.45635837E-03
THRUPD               1921   4.47697666E-02   4.48525683E-02   8.53683842E-02   4.37709021E-03
THRUPD               3057   4.48525683E-02   4.57391009E-02   6.46096556E-02  -4.56797609E-03
THRUPD               4475   4.57391009E-02   4.55947806E-02   5.92634196E-02   8.60463466E-03
THRUPD               4969   4.55947806E-02   4.59297705E-02   6.91441320E-02   1.95088777E-02