THRUPD                 10   2.00000000E-03   1.52909255E-02   1.25842588E-01  -4.21765247E-02
THRUPD                 20   1.52909255E-02   1.57312667E-02   1.87345774E-01   2.60227746E-03
THRUPD                 71   1.57312667E-02   1.58960699E-02   1.95335821E-01   2.46818154E-02
THRUPD                136   1.58960699E-02   1.59402391E-02   1.95782511E-01   3.30532495E-02
THRUPD                217   1.59402391E-02   1.60684494E-02   1.95450815E-01   3.64314417E-02
THRUPD                281   1.60684494E-02   1.64028021E-02   1.94644809E-01   3.93372183E-02
THRUPD                331   1.64028021E-02   1.67936993E-02   1.88495858E-01   3.68262399E-02
THRUPD                404   1.67936993E-02   1.74606808E-02   1.82313817E-01   3.60069801E-02
THRUPD                520   1.74606808E-02   1.85675568E-02   1.88487236E-01   4.00965065E-02
THRUPD                576   1.85675568E-02   1.91929400E-02   1.57554802E-01   2.31169760E-02
THRUPD                793   1.91929400E-02   2.02437600E-02   1.28551915E-01   1.51595158E-02
THRUPD               1036   2.02437600E-02   1.98735155E-02   1.20030991E-01   2.43543484E-02
THRUPD               1218   1.98735155E-02   1.99048060E-02   1.19713122E-01   2.31230003E-02
THRUPD               1445   1.99048060E-02   2.01848337E-02   1.09625204E-01   1.44203700E-02
THRUPD               1642   2.01848337E-02   2.05439676E-02   9.56536382E-02   5.66888007E-03
THRUPD               1733   2.05439676E-02   2.10357769E-02   9.42496744E-02   5.94128326E-03
THRUPD               1895   2.10357769E-02   2.13230191E-02   8.28363190E-02  -2.16242238E-03
THRUPD               2191   2.13230191E-02   2.16645371E-02   8.80568468E-02   2.12682527E-03
THRUPD               2472   2.16645371E-02   2.14469256E-02   7.84364110E-02   1.26603815E-02
THRUPD               2569   2.14469256E-02   2.25096434E-02   1.32610068E-01   2.74676436E-02
THRUPD               2654   2.25096434E-02   2.26583357E-02   1.36072819E-01   3.80044088E-02
THRUPD               2815   2.26583357E-02   2.43211070E-02   2.03296334E-01   5.77974599E-02
THRUPD               3566   2.43211070E-02   2.47081817E-02   1.91267689E-01   4.35013981E-02
THRUPD               4045   2.47081817E-02   2.52272160E-02   1.76928725E-01   3.14430962E-02
THRUPD               5000   2.52272160E-02   2.49711471E-02   1.91305317E-01   4.29139794E-03