THRUPD                 12   2.00000000E-03   2.08669680E-02   2.76144304E-01  -8.89001412E-02
THRUPD                 22   2.08669680E-02   1.98165855E-02   1.99809747E-01  -4.25825936E-02
THRUPD                 51   1.98165855E-02   2.00950948E-02   2.26770603E-01   1.31055622E-02
THRUPD                 56   2.00950948E-02   2.08641844E-02   2.72106642E-01   5.59267595E-02
THRUPD                 74   2.08641844E-02   2.18986600E-02   2.96263549E-01   7.96627673E-02
THRUPD                 88   2.18986600E-02   2.29992931E-02   3.00797187E-01   8.96630729E-02
THRUPD                113   2.29992931E-02   2.48612312E-02   3.13953754E-01   1.00049462E-01
THRUPD                127   2.48612312E-02   2.63757150E-02   2.89555604E-01   9.03675286E-02
THRUPD                177   2.63757150E-02   2.79059468E-02   2.51487056E-01   7.25320247E-02
THRUPD                227   2.79059468E-02   2.99479904E-02   2.02036598E-01   5.50573698E-02
THRUPD                273   2.99479904E-02   3.27976982E-02   1.49923463E-01   4.22125564E-02
THRUPD                323   3.27976982E-02   3.36501156E-02   1.14139574E-01   2.12260899E-02
THRUPD                373   3.36501156E-02   3.36854915E-02   1.13194210E-01   1.03794459E-02
THRUPD                449   3.36854915E-02   3.44188253E-02   1.18313316E-01   1.50659213E-02
THRUPD                499   3.44188253E-02   3.44527712E-02   1.17481607E-01   4.68387649E-03
THRUPD                637   3.44527712E-02   3.46154417E-02   1.13215894E-01  -6.36056480E-03
THRUPD                702   3.46154417E-02   3.51116227E-02   1.26379118E-01   8.79794050E-03
THRUPD                752   3.51116227E-02   3.55444218E-02   1.22541994E-01   5.86088510E-03
THRUPD                802   3.55444218E-02   3.55745007E-02   1.21740987E-01  -6.35030031E-03
THRUPD               1028   3.55745007E-02   3.51683458E-02   1.26723137E-01  -1.11129574E-02
THRUPD               1080   3.51683458E-02   3.43060322E-02   1.02181092E-01   4.12390145E-03
THRUPD               1199   3.43060322E-02   3.45416635E-02   9.89438977E-02  -4.27411842E-04
THRUPD               1571   3.45416635E-02   3.48259913E-02   9.21596715E-02  -8.86641584E-03
THRUPD               1897   3.48259913E-02   3.41589745E-02   8.57871450E-02  -4.48045293E-03
THRUPD               2307   3.41589745E-02   3.47716990E-02   8.58074799E-02  -3.50530705E-03
THRUPD               2741   3.47716990E-02   3.48950143E-02   8.30808524E-02  -1.04994868E-02
THRUPD               3182   3.48950143E-02   3.40544709E-02   5.34075275E-02   3.30504683E-05
THRUPD               3249   3.40544709E-02   3.37733544E-02   4.73099318E-02   4.85214980E-03
THRUPD               3375   3.37733544E-02   3.38056716E-02   4.63582833E-02  -5.32519456E-04
THRUPD               3505   3.38056716E-02   3.38473482E-02   4.49958166E-02  -6.39788517E-03
THRUPD               3994   3.38473482E-02   3.34824586E-02   5.00660721E-02  -8.90131565E-03
THRUPD               4044   3.34824586E-02   3.31814071E-02   5.32817318E-02  -1.08968075E-02
THRUPD               4221   3.31814071E-02   3.29417600E-02   5.60051359E-02  -1.31102521E-02
THRUPD               4359   3.29417600E-02   3.27310900E-02   6.12077987E-02  -1.85553787E-02
THRUPD               4521   3.27310900E-02   3.25458281E-02   4.80889247E-02  -2.93947654E-03
THRUPD               5000   3.25458281E-02   3.15177674E-02   1.01022412E-01  -1.74158776E-02