THRUPD                 10   2.00000000E-03   2.11379915E-02   8.61572530E-02  -2.26554236E-02
THRUPD                 20   2.11379915E-02   2.20992703E-02   2.02206364E-01   2.58361096E-02
THRUPD                 70   2.20992703E-02   2.24095085E-02   2.07485929E-01   3.98692838E-02
THRUPD                120   2.24095085E-02   2.27553114E-02   2.06322510E-01   4.25219684E-02
THRUPD                173   2.27553114E-02   2.30826553E-02   2.01843405E-01   3.92290985E-02
THRUPD                232   2.30826553E-02   2.36977682E-02   1.97727314E-01   3.92448876E-02
THRUPD                313   2.36977682E-02   2.42022184E-02   1.87341817E-01   3.14880609E-02
THRUPD                396   2.42022184E-02   2.48494418E-02   1.71428170E-01   2.15816199E-02
THRUPD                533   2.48494418E-02   2.53669932E-02   1.52033797E-01   6.03205067E-03
THRUPD                663   2.53669932E-02   2.61716462E-02   1.31998410E-01  -2.61244601E-03
THRUPD               1218   2.61716462E-02   2.66818550E-02   1.12712102E-01  -1.54291572E-02
THRUPD               1448   2.66818550E-02   2.59123242E-02   4.62928058E-02   7.22805746E-03
THRUPD               1582   2.59123242E-02   2.58852332E-02   4.59628837E-02   9.25809297E-03
THRUPD               1811   2.58852332E-02   2.64533830E-02   6.79125447E-02   1.63658721E-02
THRUPD               1945   2.64533830E-02   2.69252520E-02   6.38663885E-02   1.47892792E-02
THRUPD               2079   2.69252520E-02   2.70164020E-02   6.39501206E-02   1.54252116E-02
THRUPD               2630   2.70164020E-02   2.74489788E-02   6.30969245E-02   1.52570640E-02
THRUPD               2790   2.74489788E-02   2.74971146E-02   6.16242106E-02   9.35343734E-03
THRUPD               2933   2.74971146E-02   2.77961129E-02   4.96410330E-02   2.19852992E-03
THRUPD               3122   2.77961129E-02   2.74877132E-02   5.92785115E-02  -3.14678423E-03
THRUPD               3543   2.74877132E-02   2.81256019E-02   7.62964606E-02   3.51106526E-03
THRUPD               3939   2.81256019E-02   2.99671087E-02   1.90002058E-01   3.38425455E-02
THRUPD               4223   2.99671087E-02   3.05647009E-02   1.82531448E-01   2.88870813E-02
THRUPD               5000   3.05647009E-02   2.92652842E-02   2.32301856E-01   6.11630580E-03