THRUPD                 12   2.00000000E-03   2.71270584E-02   2.76144304E-01  -8.89001412E-02
THRUPD                 23   2.71270584E-02   2.57955220E-02   2.00784238E-01  -4.18084205E-02
THRUPD                 57   2.57955220E-02   2.64555872E-02   2.51377889E-01   1.96298639E-02
THRUPD                107   2.64555872E-02   2.76165184E-02   2.97803221E-01   6.30609390E-02
THRUPD                157   2.76165184E-02   2.95619148E-02   3.38847612E-01   9.33727951E-02
THRUPD                207   2.95619148E-02   3.08274663E-02   3.31307799E-01   9.57117054E-02
THRUPD                258   3.08274663E-02   3.20961708E-02   3.12148764E-01   8.60685307E-02
THRUPD                343   3.20961708E-02   3.36445721E-02   2.84715791E-01   7.20838550E-02
THRUPD                449   3.36445721E-02   3.56653799E-02   2.49770113E-01   5.75683121E-02
THRUPD                639   3.56653799E-02   3.81785096E-02   2.01199029E-01   4.09246233E-02
THRUPD                762   3.81785096E-02   4.09761095E-02   1.20846901E-01   1.98990164E-02
THRUPD                876   4.09761095E-02   4.28017564E-02   9.73690796E-02   1.35031176E-02
THRUPD                894   4.28017564E-02   4.51662216E-02   1.80911835E-01   4.08299987E-02
THRUPD               1904   4.51662216E-02   4.59753247E-02   1.80715259E-01   4.37988908E-02
THRUPD               2734   4.59753247E-02   4.69031311E-02   1.88492359E-01   5.56491733E-02
THRUPD               5000   4.69031311E-02   4.79971278E-02   1.73883702E-01   4.45620851E-02