THRUPD                 10   2.00000000E-03   1.55572700E-02   4.94555879E-02  -1.38947009E-03
THRUPD                 20   1.55572700E-02   1.55767821E-02   5.14244981E-02   8.51849663E-03
THRUPD                 73   1.55767821E-02   1.59148946E-02   8.81056641E-02   2.32552302E-02
THRUPD                124   1.59148946E-02   1.63281961E-02   1.04420638E-01   3.11163987E-02
THRUPD                174   1.63281961E-02   1.65636671E-02   9.50657264E-02   2.40304290E-02
THRUPD                233   1.65636671E-02   1.70590753E-02   9.25774878E-02   2.34377238E-02
THRUPD                291   1.70590753E-02   1.72933651E-02   8.64660537E-02   1.92571109E-02
THRUPD                341   1.72933651E-02   1.78873670E-02   1.12657366E-01   2.90269901E-02
THRUPD                394   1.78873670E-02   1.84663512E-02   1.23878739E-01   3.47618303E-02
THRUPD                399   1.84663512E-02   2.08573028E-02   3.20043863E-01   7.85701457E-02
THRUPD                467   2.08573028E-02   2.16483359E-02   2.95948434E-01   6.32696978E-02
THRUPD                687   2.16483359E-02   2.23408794E-02   2.78953920E-01   5.26585730E-02
THRUPD                901   2.23408794E-02   2.32842151E-02   2.75969092E-01   5.72884712E-02
THRUPD               1168   2.32842151E-02   2.38040648E-02   2.64384084E-01   4.77954087E-02
THRUPD               1269   2.38040648E-02   2.45360821E-02   2.37828753E-01   2.76237763E-02
THRUPD               1939   2.45360821E-02   2.51159158E-02   2.21715615E-01   1.43241790E-02
THRUPD               2080   2.51159158E-02   2.57122023E-02   1.96319337E-01  -7.86346963E-03
THRUPD               2290   2.57122023E-02   2.60688080E-02   1.88105174E-01  -1.71063655E-02
THRUPD               3131   2.60688080E-02   2.64174541E-02   1.79002863E-01  -2.79650187E-02
THRUPD               4327   2.64174541E-02   2.50267021E-02   6.23261946E-02   5.18159628E-03
THRUPD               4427   2.50267021E-02   2.52311183E-02   5.57082687E-02  -2.34867407E-04
THRUPD               5000   2.52311183E-02   2.54569014E-02   5.29462307E-02  -1.90900662E-03