THRUPD                 10   2.00000000E-03   2.94938232E-02   3.48778273E-02   9.00485080E-03
THRUPD                 25   2.94938232E-02   2.97699570E-02   3.96856549E-02   1.14104309E-02
THRUPD                 75   2.97699570E-02   2.99555428E-02   4.14647719E-02   1.29424050E-02
THRUPD                231   2.99555428E-02   3.02763057E-02   4.62036548E-02   1.53891748E-02
THRUPD                329   3.02763057E-02   3.08502594E-02   5.54116237E-02   1.84072623E-02
THRUPD                562   3.08502594E-02   3.14103165E-02   5.33522400E-02   1.76865731E-02
THRUPD               1107   3.14103165E-02   3.19077854E-02   4.69406430E-02   1.52534880E-02
THRUPD               1166   3.19077854E-02   3.41595481E-02   1.77785970E-01   4.15407685E-02
THRUPD               1424   3.41595481E-02   3.47679282E-02   1.71425878E-01   3.69190276E-02
THRUPD               1902   3.47679282E-02   3.51595488E-02   1.65775540E-01   2.96829021E-02
THRUPD               2145   3.51595488E-02   3.64538220E-02   1.72141123E-01   3.55728030E-02
THRUPD               2604   3.64538220E-02   3.73512833E-02   1.64947069E-01   3.21499660E-02
THRUPD               3690   3.73512833E-02   3.81480444E-02   1.52508266E-01   2.32835910E-02
THRUPD               5000   3.81480444E-02   3.73257017E-02   1.88388284E-01  -7.00014019E-03