THRUPD                 10   2.00000000E-03   1.81403119E-02   4.81012124E-02   3.31846856E-03
THRUPD                 20   1.81403119E-02   1.83118965E-02   5.40808948E-02   7.51857576E-03
THRUPD                114   1.83118965E-02   1.83106172E-02   5.40624574E-02   9.60324216E-03
THRUPD                188   1.83106172E-02   1.84148184E-02   5.85605982E-02   1.53280663E-02
THRUPD                243   1.84148184E-02   1.85006556E-02   5.90012224E-02   1.63483094E-02
THRUPD                297   1.85006556E-02   1.87377030E-02   5.72896388E-02   1.56072331E-02
THRUPD                369   1.87377030E-02   1.96904022E-02   1.09453436E-01   2.61354159E-02
THRUPD                426   1.96904022E-02   1.99061058E-02   1.01219240E-01   1.75941793E-02
THRUPD                487   1.99061058E-02   1.99931359E-02   9.84728513E-02   1.11210193E-02
THRUPD                542   1.99931359E-02   2.01981192E-02   9.76879538E-02   1.12581124E-02
THRUPD                685   2.01981192E-02   2.02750740E-02   9.62075075E-02   7.78634445E-03
THRUPD                813   2.02750740E-02   2.05076504E-02   9.79507930E-02   1.06224050E-02
THRUPD                874   2.05076504E-02   2.07590043E-02   9.20896769E-02   6.07446287E-03
THRUPD                924   2.07590043E-02   2.12602088E-02   1.04285926E-01   1.31042717E-02
THRUPD               1135   2.12602088E-02   2.17203779E-02   1.00769068E-01   1.20679670E-02
THRUPD               1218   2.17203779E-02   2.19465661E-02   9.50004177E-02   6.52710906E-03
THRUPD               1352   2.19465661E-02   2.23071410E-02   1.29177691E-01   3.62340322E-02
THRUPD               1501   2.23071410E-02   2.26014682E-02   1.20707350E-01   2.79210393E-02
THRUPD               1683   2.26014682E-02   2.29932424E-02   1.08820356E-01   1.94915255E-02
THRUPD               1879   2.29932424E-02   2.34544993E-02   1.08585833E-01   2.03723390E-02
THRUPD               2023   2.34544993E-02   2.42493537E-02   1.07193994E-01   2.05550405E-02
THRUPD               2490   2.42493537E-02   2.50417456E-02   1.19271006E-01   2.65138100E-02
THRUPD               2894   2.50417456E-02   2.53618871E-02   1.06827518E-01   1.43844171E-02
THRUPD               2946   2.53618871E-02   2.54238647E-02   1.06288493E-01   1.28750215E-02
THRUPD               3615   2.54238647E-02   2.59110967E-02   1.07198810E-01   1.46157776E-02
THRUPD               4807   2.59110967E-02   2.62454630E-02   9.40668542E-02   3.24038859E-03
THRUPD               4887   2.62454630E-02   2.62874216E-02   9.60641938E-02   1.87263291E-02
THRUPD               5000   2.62874216E-02   2.60752511E-02   1.11181370E-01  -3.33357301E-03