THRUPD                 10   2.00000000E-03   2.51280287E-02   1.39434921E-02  -3.15419802E-03
THRUPD                 26   2.51280287E-02   2.51861204E-02   1.90479217E-02   1.30159880E-03
THRUPD                151   2.51861204E-02   2.52801760E-02   2.50391614E-02   5.64333804E-03
THRUPD                303   2.52801760E-02   2.53824413E-02   2.80759545E-02   8.12279769E-03
THRUPD                390   2.53824413E-02   2.56629956E-02   3.86073284E-02   1.20222373E-02
THRUPD                480   2.56629956E-02   2.58922990E-02   3.84906721E-02   1.20340877E-02
THRUPD                558   2.58922990E-02   2.64730496E-02   6.23688902E-02   1.86011876E-02
THRUPD                698   2.64730496E-02   2.70302721E-02   7.27563682E-02   2.28108942E-02
THRUPD                805   2.70302721E-02   2.74226557E-02   7.05632450E-02   2.17902208E-02
THRUPD               1036   2.74226557E-02   2.77796135E-02   6.46020751E-02   1.83095458E-02
THRUPD               1450   2.77796135E-02   2.84428066E-02   6.44968631E-02   1.83472947E-02
THRUPD               1519   2.84428066E-02   2.98228259E-02   1.28951987E-01   3.43214930E-02
THRUPD               1578   2.98228259E-02   3.03437299E-02   1.22798847E-01   3.02617552E-02
THRUPD               1856   3.03437299E-02   3.12792645E-02   1.20980117E-01   3.02587287E-02
THRUPD               2627   3.12792645E-02   3.28112333E-02   1.51438330E-01   4.13489499E-02
THRUPD               3824   3.28112333E-02   3.47660768E-02   1.72976328E-01   4.92568588E-02
THRUPD               4559   3.47660768E-02   3.56659709E-02   1.68031115E-01   4.75443858E-02
THRUPD               5000   3.56659709E-02   3.64771322E-02   1.58808868E-01   4.16565378E-02