THRUPD                 12   2.00000000E-03   2.29536648E-02   2.76144304E-01  -8.89001412E-02
THRUPD                 22   2.29536648E-02   2.17825699E-02   1.99306998E-01  -4.30057298E-02
THRUPD                 55   2.17825699E-02   2.20735471E-02   2.24988744E-01   1.24426268E-02
THRUPD                 76   2.20735471E-02   2.25423214E-02   2.46149744E-01   4.73118205E-02
THRUPD                 88   2.25423214E-02   2.34216286E-02   2.65535084E-01   6.87548039E-02
THRUPD                114   2.34216286E-02   2.53449258E-02   3.17290293E-01   9.58505180E-02
THRUPD                152   2.53449258E-02   2.74833854E-02   3.30916912E-01   1.07000507E-01
THRUPD                202   2.74833854E-02   2.94376209E-02   3.10542816E-01   1.00798730E-01
THRUPD                252   2.94376209E-02   3.09554389E-02   2.70509923E-01   7.85072137E-02
THRUPD                302   3.09554389E-02   3.26208388E-02   2.15045258E-01   5.11721541E-02
THRUPD                358   3.26208388E-02   3.45571607E-02   1.30319451E-01   2.21034564E-02
THRUPD                427   3.45571607E-02   3.55529646E-02   9.49873885E-02   6.28900942E-03
THRUPD                583   3.55529646E-02   3.61507108E-02   9.59009870E-02   7.90884988E-03
THRUPD                633   3.61507108E-02   3.67831339E-02   8.30751807E-02   7.86427385E-04
THRUPD                684   3.67831339E-02   3.75067283E-02   7.02008252E-02  -4.59938527E-03
THRUPD                745   3.75067283E-02   3.86535313E-02   1.32478920E-01   2.19102640E-02
THRUPD                812   3.86535313E-02   3.90151003E-02   1.38813732E-01   3.50637529E-02
THRUPD               1118   3.90151003E-02   3.91005296E-02   1.38437790E-01   3.44290044E-02
THRUPD               1235   3.91005296E-02   3.97278167E-02   1.27441349E-01   2.49678054E-02
THRUPD               1564   3.97278167E-02   4.00368673E-02   1.19400211E-01   1.11519922E-02
THRUPD               1908   4.00368673E-02   4.08280657E-02   1.14314031E-01   8.92955495E-03
THRUPD               2515   4.08280657E-02   4.11916827E-02   1.06248497E-01  -1.78597136E-03
THRUPD               4506   4.11916827E-02   4.13776478E-02   1.04738877E-01  -4.70779760E-03
THRUPD               4860   4.13776478E-02   4.21054712E-02   1.00533259E-01  -6.33502023E-03