THRUPD                 10   2.00000000E-03   2.94911280E-02   4.76810170E-02  -9.73900962E-03
THRUPD                 20   2.94911280E-02   3.01944719E-02   1.06213768E-01   1.41970304E-02
THRUPD                 70   3.01944719E-02   3.04905119E-02   1.12822554E-01   2.44558202E-02
THRUPD                144   3.04905119E-02   3.10181018E-02   1.21397250E-01   3.27257399E-02
THRUPD                349   3.10181018E-02   3.14744550E-02   1.19750841E-01   3.23650655E-02
THRUPD                646   3.14744550E-02   3.23570672E-02   1.19110355E-01   3.28568272E-02
THRUPD                764   3.23570672E-02   3.35856707E-02   1.23247000E-01   3.50040757E-02
THRUPD               1067   3.35856707E-02   3.43421400E-02   1.10827821E-01   2.80556010E-02
THRUPD               1223   3.43421400E-02   3.53814495E-02   1.01004217E-01   2.44049638E-02
THRUPD               1329   3.53814495E-02   3.64700410E-02   8.66190631E-02   1.94145332E-02
THRUPD               1606   3.64700410E-02   3.78180656E-02   7.60486471E-02   1.66921786E-02
THRUPD               2138   3.78180656E-02   3.87081587E-02   1.09540940E-01   3.33838552E-02
THRUPD               3858   3.87081587E-02   3.97409826E-02   1.08983211E-01   3.36675791E-02
THRUPD               5000   3.97409826E-02   3.89787199E-02   1.41168010E-01   1.08284794E-02