THRUPD                 10   2.00000000E-03   1.91781978E-02   4.48446590E-02   7.40389942E-03
THRUPD                 20   1.91781978E-02   1.94824582E-02   3.40251581E-02   4.21857241E-03
THRUPD                 70   1.94824582E-02   1.96654657E-02   2.53846518E-02   9.75893358E-04
THRUPD                142   1.96654657E-02   2.07768818E-02   1.52544402E-01   2.66337010E-02
THRUPD                192   2.07768818E-02   2.12664511E-02   1.56896327E-01   3.23540117E-02
THRUPD                243   2.12664511E-02   2.27909509E-02   2.33099647E-01   6.00006759E-02
THRUPD                294   2.27909509E-02   2.38309273E-02   2.38601915E-01   6.74291462E-02
THRUPD                547   2.38309273E-02   2.43583999E-02   2.27661456E-01   5.85181595E-02
THRUPD                669   2.43583999E-02   2.50633645E-02   2.13236591E-01   4.93625349E-02
THRUPD                780   2.50633645E-02   2.63066741E-02   2.00717160E-01   4.57651342E-02
THRUPD               1004   2.63066741E-02   2.79316276E-02   1.85612097E-01   4.17646981E-02
THRUPD               1230   2.79316276E-02   2.88781015E-02   1.57186548E-01   2.64846946E-02
THRUPD               1656   2.88781015E-02   2.98225026E-02   1.15208754E-01   6.70962834E-03
THRUPD               3087   2.98225026E-02   2.97499100E-02   1.15464291E-01   6.87275545E-03
THRUPD               4277   2.97499100E-02   3.05440150E-02   9.96556244E-02   3.61495860E-04
THRUPD               4978   3.05440150E-02   3.03251804E-02   9.11099431E-02   1.52637073E-02