THRUPD                 10   2.00000000E-03   2.07237477E-02   3.92713450E-02  -9.40390775E-03
THRUPD                 20   2.07237477E-02   2.07182738E-02   3.86190014E-02   2.43607624E-03
THRUPD                 75   2.07182738E-02   2.22479164E-02   2.22442929E-01   4.47451602E-02
THRUPD                 98   2.22479164E-02   2.43842780E-02   3.14467274E-01   8.07385840E-02
THRUPD                164   2.43842780E-02   2.47871988E-02   3.04989486E-01   6.94255681E-02
THRUPD                235   2.47871988E-02   2.51996390E-02   2.94327563E-01   5.58105366E-02
THRUPD                351   2.51996390E-02   2.58887278E-02   2.79385151E-01   4.51662985E-02
THRUPD                417   2.58887278E-02   2.64425064E-02   2.62966049E-01   2.78127749E-02
THRUPD                511   2.64425064E-02   2.73478428E-02   2.44344896E-01   1.78406860E-02
THRUPD                694   2.73478428E-02   2.86679102E-02   2.26619576E-01   1.31019774E-02
THRUPD                774   2.86679102E-02   2.97777928E-02   1.99384480E-01  -1.43103584E-04
THRUPD               1262   2.97777928E-02   3.05524583E-02   1.78414530E-01  -1.43186597E-02
THRUPD               1908   3.05524583E-02   2.99512398E-02   1.67939272E-01   2.45301227E-04
THRUPD               1958   2.99512398E-02   2.88942014E-02   1.08492244E-01   3.09595353E-02
THRUPD               2076   2.88942014E-02   2.93766653E-02   9.46742183E-02   2.15062855E-02
THRUPD               2467   2.93766653E-02   2.97795816E-02   7.68336131E-02   8.58832213E-03
THRUPD               2659   2.97795816E-02   2.99539869E-02   7.12207823E-02   6.01836359E-04
THRUPD               3097   2.99539869E-02   3.03293673E-02   5.07239751E-02  -1.10338966E-02
THRUPD               3224   3.03293673E-02   3.06970372E-02   5.53324937E-02  -8.11857360E-03
THRUPD               3843   3.06970372E-02   3.02664146E-02   4.65311794E-02  -4.04135233E-03
THRUPD               4128   3.02664146E-02   3.02937010E-02   4.74356208E-02   1.94305153E-03
THRUPD               4814   3.02937010E-02   3.01416069E-02   4.94457421E-02  -1.12725683E-04
THRUPD               5000   3.01416069E-02   2.99418569E-02   5.03319497E-02  -6.19438100E-04