THRUPD                 10   2.00000000E-03   2.17805673E-02   7.49763860E-02   2.19489281E-02
THRUPD                 24   2.17805673E-02   2.18536813E-02   7.42219092E-02   2.05165925E-02
THRUPD                 85   2.18536813E-02   2.21746429E-02   7.46479861E-02   2.11481335E-02
THRUPD                139   2.21746429E-02   2.37028271E-02   1.78857159E-01   4.52715485E-02
THRUPD                189   2.37028271E-02   2.39289637E-02   1.71433653E-01   3.20263850E-02
THRUPD                282   2.39289637E-02   2.42269489E-02   1.62491492E-01   2.04595688E-02
THRUPD                335   2.42269489E-02   2.44053848E-02   1.56979129E-01   8.90087906E-03
THRUPD                416   2.44053848E-02   2.50231501E-02   1.54845494E-01   9.99793174E-03
THRUPD                510   2.50231501E-02   2.52927016E-02   1.51033163E-01   6.15075086E-03
THRUPD                921   2.52927016E-02   2.61039575E-02   1.66269036E-01   1.81092886E-02
THRUPD               1335   2.61039575E-02   2.73884340E-02   2.02089734E-01   3.75838520E-02
THRUPD               1706   2.73884340E-02   2.80283481E-02   1.86569010E-01   2.56066161E-02
THRUPD               2549   2.80283481E-02   2.84480385E-02   1.77059925E-01   1.52120295E-02
THRUPD               2637   2.84480385E-02   2.78099991E-02   1.60630590E-01   3.40604155E-02
THRUPD               2823   2.78099991E-02   2.84140142E-02   1.43921178E-01   2.19221458E-02
THRUPD               3152   2.84140142E-02   2.96682315E-02   1.43555917E-01   2.33024900E-02
THRUPD               4737   2.96682315E-02   3.04739815E-02   1.18741032E-01   1.02319417E-02
THRUPD               5000   3.04739815E-02   2.93189413E-02   1.88805697E-01  -2.07718105E-02