THRUPD                 10   2.00000000E-03   1.89864050E-02   5.60811188E-02  -9.95401918E-03
THRUPD                 20   1.89864050E-02   1.93001327E-02   8.81193064E-02   7.81085957E-03
THRUPD                 89   1.93001327E-02   1.92736582E-02   8.76822027E-02   1.21539135E-02
THRUPD                149   1.92736582E-02   1.92234892E-02   8.75894689E-02   1.34962007E-02
THRUPD                243   1.92234892E-02   1.92653174E-02   8.76858722E-02   1.48674850E-02
THRUPD                368   1.92653174E-02   1.95208779E-02   9.12530612E-02   1.85536884E-02
THRUPD                497   1.95208779E-02   1.96881810E-02   8.77208669E-02   1.48923779E-02
THRUPD                561   1.96881810E-02   2.05572066E-02   1.21460036E-01   2.52940482E-02
THRUPD                710   2.05572066E-02   2.10447667E-02   1.06382831E-01   1.74890615E-02
THRUPD                824   2.10447667E-02   2.20006910E-02   1.32364848E-01   2.67236448E-02
THRUPD                980   2.20006910E-02   2.23420535E-02   1.28727348E-01   2.46555896E-02
THRUPD                990   2.23420535E-02   2.43189643E-02   2.85131830E-01   7.28369715E-02
THRUPD               1194   2.43189643E-02   2.47252198E-02   2.74101878E-01   5.86615804E-02
THRUPD               1723   2.47252198E-02   2.51781425E-02   2.59765937E-01   4.08458073E-02
THRUPD               2334   2.51781425E-02   2.61516654E-02   2.43631165E-01   3.41288431E-02
THRUPD               2817   2.61516654E-02   2.68792807E-02   2.30218854E-01   2.60732240E-02
THRUPD               3396   2.68792807E-02   2.75738345E-02   2.08019554E-01   8.35227782E-03
THRUPD               3958   2.75738345E-02   2.76235097E-02   2.07328074E-01   3.89829844E-03
THRUPD               4936   2.76235097E-02   2.81443837E-02   1.92551964E-01  -1.03610557E-02
THRUPD               5000   2.81443837E-02   2.72074683E-02   2.24537483E-01  -2.96257474E-02