THRUPD                 10   2.00000000E-03   2.41907538E-02   7.95057881E-02  -2.59195135E-02
THRUPD                 20   2.41907538E-02   2.42379982E-02   8.19823493E-02  -1.26683371E-02
THRUPD                 70   2.42379982E-02   2.50280177E-02   1.54588159E-01   2.15123049E-02
THRUPD                 93   2.50280177E-02   2.66251992E-02   2.45040857E-01   5.95518214E-02
THRUPD                151   2.66251992E-02   2.71293400E-02   2.40588043E-01   5.86032472E-02
THRUPD                225   2.71293400E-02   2.74493538E-02   2.34375111E-01   4.95548324E-02
THRUPD                341   2.74493538E-02   2.78818822E-02   2.25331984E-01   3.91514400E-02
THRUPD                688   2.78818822E-02   2.84741143E-02   2.12309924E-01   2.78213113E-02
THRUPD                738   2.84741143E-02   2.93680792E-02   1.95782781E-01   1.89264614E-02
THRUPD               1032   2.93680792E-02   3.00773104E-02   1.75055401E-01   3.31569616E-03
THRUPD               1511   3.00773104E-02   3.10643992E-02   1.46029936E-01  -1.09097300E-02
THRUPD               2020   3.10643992E-02   3.14204840E-02   1.38322870E-01  -1.99357735E-02
THRUPD               2537   3.14204840E-02   3.11746659E-02   1.33800521E-01  -8.30589266E-03
THRUPD               3811   3.11746659E-02   3.00440420E-02   6.14052621E-02   1.63516873E-02
THRUPD               4720   3.00440420E-02   3.01543090E-02   6.09533640E-02   1.58316795E-02
THRUPD               5000   3.01543090E-02   2.91934035E-02   1.44355852E-01  -1.47182753E-02