# "MSD"
0.0 
0.3045636650869206 
0.4619480157562987 
0.5316939075162472 
0.5847159118714804 
0.6142147132795918 
0.5292244382746832 
0.5104912737480952 
0.6382592175729316 
0.6174469207744374 
0.7480011150850202 
0.7599528880196582 
0.7407890523121048 
0.7660054744931957 
0.754010046777911 
0.7233963800870566 
0.7192514713496787 
0.7130271536778521 
0.7527925377756902 
0.7747407660254763 
0.7266051910636209 
0.7003111548809205 
0.6521191783829736 
0.6394463005615565 
0.6985379539687075 
0.7438109245854522 
0.6840909905819593 
0.66116290447204 
0.7001655274475497 
0.6484127613186095 
0.7225525932141568 
0.7459628543037959 
0.6719943520207404 
0.68047735286068 
0.6491240656173175 
0.7612822919095317 
0.6987651706073641 
0.6467634900469731 
0.7297284488279658 
0.6707639660123098 
0.7384424307116494 
0.6530015823359661 
0.7044775135121755 
0.6693190512142647 
0.6772882525825484 
0.6086375139630613 
0.747394689901008 
0.7113721087513605 
0.6797083013429176 
0.7434202685659921 
0.8502887097936829 
0.8216597098584636 
0.7585639590755638 
0.7373922236759183 
0.7004119340921762 
0.8258728326219917 
0.7584422504949733 
0.7053984778418467 
0.8742072754241336 
0.9098100449122112 
0.8202455230067683 
0.8656761420491909 
0.8359721466048354 
0.9649349999185796 
0.8636311630939093 
0.9842896307811203 
1.0721229226694364 
0.9773478883954542 
0.9948112372347769 
0.9402739483993896 
0.9163938299946722 
0.8472759800169081 
0.8792930182229607 
0.9061677800054623 
0.8994487141139097 
0.9006619602318424 
0.8583469871895348 
0.967388132654547 
0.8854835413057925 
0.9392348673512448 
0.8280517110860367 
0.9471076835363194 
0.8836550350969566 
0.8992221241882353 
1.0560554336053738 
0.8590991787049072 
0.8426764290795951 
0.9012462661234564 
0.8421269060638081 
0.8868783172692132 
0.8639313807323904 
0.8665311202648901 
0.88007432277113 
0.8833456475690612 
0.8947577359298305 
0.8518410957745002 
0.9108819219104238 
0.8773833436754596 
0.8628687373626015 
0.9638126786151766 
1.002560957180667 
1.0259950902053827 
0.9517949393785038 
0.8994947790991148 
0.9123096642978443 
0.9843643154847747 
0.8981102237315342 
0.8609452283081397 
0.9424028593791244 
0.880988268611909 
0.9750095454032794 
1.0482508060024618 
0.9675299918317758 
0.9953193146674911 
0.9832459921355794 
1.0432685733060483 
0.9694776223705293 
1.0269293504230184 
1.00000586220998 
1.0544610125565224 
0.9814451920810497 
1.0093185716374533 
1.084890761347016 
1.0213425351739156 
1.0090289235016274 
0.9520664945287136 
0.9234909362026126 
1.0064523674058878 
0.9671767365041474 
0.8657796173652942 
0.944117285184978 
0.9444021194413316 
0.9126453515070828 
0.8463865454174786 
0.8038604467698044 
0.8497725916586973 
0.9005379710183595 
0.9009047502446274 
0.8432959003033967 
0.8674721349871987 
0.8486405118058753 
0.8860285633309033 
0.9537297569475361 
0.845293106962461 
0.934925832939053 
0.8887050400581825 
1.0246679918267108 
1.0479411119097417 
0.9881908842911715 
1.0142356718472874 
0.960511925236217 
1.0017064182525939 
0.941918115214011 
0.9346722688932921 
0.9565693058525097 
0.9833392453984168 
0.94154828572051 
0.9834941526448253 
1.0075179173479145 
1.0272900269669907 
1.00037108406717 
0.9192251543514268 
1.1108089608970646 
1.0132818802834183 
0.929241037938902 
0.9653077176683413 
0.9710638618900815 
0.9427511914910467 
1.0754198462498836 
0.9525116285409999 
0.9700570957354144 
0.931572700778487 
1.0348385873080306 
0.9484982034147278 
0.9721382277682096 
0.9575265408099922 
0.9525778506643106 
1.0729068024475232 
0.9168121737900035 
0.9827615417678367 
0.9779536674225342 
1.004237331684008 
1.0135081111262365 
1.04581552100174 
0.9788845697121544 
0.9932768271819107 
1.067536251286308 
1.0294528971842143 
1.0297137229603024 
1.0418266287538611 
0.9592544882271007 
1.047742339348433 
1.0578003754656704 
1.1252626188738073 
1.0753062836198857 
0.9966113853676071 
1.0337886511266043 
1.064011985820205 
0.95510124920405 
0.9964254853260719 
0.9152318950162498 
1.0298611009943661 
0.9875162730040752 
0.8963359185019004 
0.8859949175465004 
0.9459419653828723 
0.9494212344858779 
1.0239438036774506 
0.8753307880008804 
0.9988749296614342 
1.0362196794533864 
1.0452635710461908 
1.0301128354068496 
0.9720471011619627 
0.9427346845852861 
0.903623801101068 
0.9198523598239311 
0.9644145660165813 
0.9793184824919352 
0.9728262011591935 
0.9577396172562058 
0.9609751766279181 
0.9682210883863881 
0.9354378210362099 
1.0205737874906096 
1.0297501843935069 
1.0562057750205185 
1.0383552292930447 
0.9604244758536408 
0.9490202875259157 
0.9621401016259931 
0.9339553430983853 
0.995958638866277 
0.9600166935846244 
0.9896531262421223 
0.9171690249946786 
1.0654083362865188 
0.9943086135443374 
1.0077744633267771 
1.0804158045268617 
0.9043296733809385 
1.1149684224297356 
1.0417994058472464 
0.9773330633338384 
1.0161702810314526 
0.9455853125102914 
0.9777533960889689 
1.0450740788956712 
0.9655210771280104 
1.078375652344599 
0.9799898152705265 
0.9380959394513404 
1.1191453423457574 
0.8499289251816055 
0.9876215702059185 
0.8751503331856176 
0.9153088950267695 
0.9737560829165685 
0.9595243527058441 
0.9436638886979262 
0.8498784611812249 
1.0000904166324196 
0.9590031354908505 
0.8824553102818165 
0.9502135584731692 
1.027302364383024 
0.9562972986101009 
1.1144349654084977 
1.0184604795006895 
0.9429710312019224 
1.0618074730661904 
1.030838624379311 
1.0494918512945104 
1.0464284593037028 
1.1014029957870946 
1.1094324735704002 
1.075459874619895 
1.1437206934418525 
1.0406792754417593 
1.170145703671825 
1.2029947292137477 
1.2080388969897162 
1.149849409280709 
1.1068790815009026 
1.1004603670519488 
1.1136504810385945 
1.1039129526235862 
1.1714870175588095 
1.140570548329578 
1.2139640436919483 
1.1973695273944542 
1.0937192481855416 
1.098751185453165 
1.0510295188334091 
1.14022131388007 
1.1983110712573124 
1.1633243171303695 
1.1543683804617186 
1.209939567949156 
1.102940222562319 
1.132012413531183 
1.131179296370279 
1.0555036203541692 
1.2078519885188106 
1.0697858446380384 
1.1904553776897966 
1.126891171702033 
1.1606413271574203 
1.2713884453699325 
1.0903240714870774 
1.2442641183896455 
1.2311555979032212 
1.202932496584859 
1.2878663591390762 
1.1808137294566932 
1.191352467668335 
1.1757943950777392 
1.200909956134467 
1.240063818605064 
1.2129199088855371 
1.2417125074754152 
1.2418746597377786 
1.2789805342708571 
1.2663973437680278 
1.3000204595436313 
1.4228968356493898 
1.5138889864687337 
1.4791386001131712 
1.474673421515226 
1.4418509048473267 
1.227569170843768 
1.3449702511933024 
1.3112261551560491 
1.2985762998831714 
1.259070447313977 
1.20654948885282 
1.3081835418879972 
1.3434782225095359 
1.3199720144699316 
1.4398575019435205 
1.3057203188576398 
1.3245099307084671 
1.3671234859102321 
1.2332669771620102 
1.34821877605419 
1.4015224479859307 
1.249487102788443 
1.3782048760062229 
1.2970745594799067 
1.3471867414602858 
1.3296982657374814 
1.2095998859432455 
1.3885210201426514 
1.41874747532532 
1.3377061872345006 
1.3506508438105245 
1.3511361809101767 
1.3444901145462305 
1.3736226735043087 
1.358915304913651 
1.412186071688218 
1.266196605002568 
1.3747333111791538 
1.3441172056911077 
1.37228075576104 
1.4047955495231248 
1.4036787190832782 
1.3009935838455833 
1.4459307190141946 
1.3663468545212754 
1.4832310339237689 
1.312752920787162 
1.372341423801925 
1.4017506498002703 
1.4157638088924516 
1.442381300749466 
1.3740779532546643 
1.376038118121015 
1.3292927154266392 
1.4481331230658911 
1.322729857924887 
1.4383544325436375 
1.4089082735894427 
1.4456590333272856 
1.360600509281744 
1.3830944233841451 
1.3583389964351344 
1.360190386169511 
1.4525501557294933 
1.4013351623876167 
1.4140988512474622 
1.443145192541324 
1.4460758968759848 
1.5350801165986694 
1.4676757475992455 
1.4248014605948176 
1.4885364157832517 
1.4854911993878137 
1.5419073988112262 
1.5407872021108049 
1.5224244072435933 
1.5262311439200629 
1.5433173142921621 
1.5448777164103549 
1.5160010332759017 
1.581405400766628 
1.5016442434011026 
1.6260239795684646 
1.5414435743720243 
1.700472167642674 
1.6858874776682706 
1.5326277518580154 
1.5718847805365512 
1.6700429136437753 
1.5896843156579776 
1.576158638469855 
1.5964852702477075 
1.5288839452237268 
1.583910595451312 
1.5530404379330203 
1.6076500240375553 
1.6897103220869358 
1.7842432881518204 
1.666756159876436 
1.6573073104363576 
1.8074609617674364 
1.6926296312876246 
1.6982051764966872 
1.6016268277638432 
1.7580887563757286 
1.6260425094278628 
1.534643563723589 
1.5546073437837946 
1.6605030605807616 
1.704189917809619 
1.7417054002947718 
1.4485580936378204 
1.6972425718090531 
1.5171609303323128 
1.6398910461449054 
1.7671771351310441 
1.5476240624995439 
1.6942244157610518 
1.6373326303006124 
1.6494025757005089 
1.7495292117085228 
1.5770323982367183 
1.6420332237037076 
1.6972997964924181 
1.6446117212754332 
1.7251836268826841 
1.8148090101868048 
1.6952690368230705 
1.9177225405634464 
1.9233726170133247 
1.7937609997920982 
1.8827051686866563 
1.986210372591171 
1.8292487836094211 
1.865574391897489 
1.9715768186261144 
1.9172091236810171 
1.8043003171537455 
1.7273338286821103 
1.7574962038150599 
1.8241184540889794 
1.777780017986012 
1.8029450656564374 
1.8216218681183203 
1.8676318900663607 
1.8254064348625747 
1.871367762793347 
1.8214698412787254 
1.7198020568890182 
1.7297013162393 
1.8535864097499462 
1.6738556111647978 
1.8390678631037327 
1.7356677731543764 
1.8733179888287022 
1.8784282026873538 
1.7389818743519638 
1.8967581092448687 
1.81102489180483 
1.8922258311423614 
1.8347175779593285 
1.8448438118556698 
1.6809868489870992 
1.9058468805514746 
1.9267485426538224 
2.0081435357407025 
1.8716199408753658 
2.028276997966068 
1.990174656928198 
1.811175074904899 
1.9743264183692222 
1.9823405697225485 
1.886696951364048 
1.8759612721220107 
1.8728397295633779 
1.831400188926267 
1.9217891634034527 
2.023092600167938 
1.8884097174818668 
2.0408554552237894 
1.9937510673943142 
1.9305161989656332 
1.8432018227617744 
1.9856993234023872 
1.9028701554328604 
1.8966316447074163 
2.12291120190507 
1.9483134052302644 
1.970287870185292 
1.988835385906424 
1.9780937648694747 
1.9244245310759867 
2.044724166124548 
1.9513662724784357 
1.9660802642815012 
1.887295945765304 
2.0229287597408403 
1.951283885059098 
1.9753988175934805 
2.0302960534128918 
1.9188674797013676 
1.9209573868142837 
1.9506054154977785 
1.9864559553922467 
1.9730615383372239 
1.965507540416471 
1.8376140447960554 
1.9835366992351506 
1.8782992512241068 
2.0512828210911564 
1.9796929665106249 
2.063708483239565 
2.0466133968029148 
2.0194865911661335 
1.9118677544987446 
1.970337673392805 
1.892728391344121 
2.041969620707904 
1.9696969133357998 
2.022668618236742 
2.0143232477721114 
1.9295996161844389 
2.068751961104065 
2.1715002751362866 
2.033945753304081 
1.9961846809197563 
2.0515855977573003 
1.9139673294914348 
2.017233922703961 
2.0337022945679966 
2.1280271057950437 
2.0245920078166804 
2.2089669608503524 
2.115305096984064 
2.102254248102799 
1.8842216737928186 
1.9833786549393535 
2.0876126884474964 
2.1026681181782894 
2.0855643986870707 
2.050298224866396 
2.183031130843109 
2.134036365860683 
2.2692510879297267 
2.1742601577819176 
2.035629876869698 
2.2728498118472675 
2.264023839367247 
2.046615158487303 
2.0685260682487194 
2.044578729450056 
2.169011337436443 
2.258913741391225 
1.9880955944117469 
2.120119171459819 
2.0629367303516015 
2.2399280462149567 
2.0450938887046792 
1.984825993337203 
1.9379503170495067 
2.1042538069570207 
2.238345944837198 
1.973132773901906 
2.0945941192989466 
1.9665994007689298 
2.143632054597751 
2.1014031575778853 
1.9950688032850386 
2.0860083375980203 
2.095020933434264 
1.995910580227428 
2.1635310485633403 
2.2625083936519816 
2.1308669781977883 
2.04052253157435 
2.0757409046517092 
1.929044555748794 
2.0420617741926708 
2.1979988121563157 
2.041749505565971 
2.077283921203845 
2.0842833725113334 
2.0798852265784897 
2.03916716834473 
1.9653587616220336 
2.1386709421156294 
2.0840300801065412 
2.0597448519247084 
2.1654725565545023 
2.100738572361843 
2.1953228101222755 
2.1248951800011615 
1.9406497296082308 
2.003448826786876 
2.0470850226173742 
2.0844743715918232 
2.0516313809031463 
2.0592479208395083 
2.0018021771813057 
2.166993708040612 
1.9291192748614472 
1.9852775899873132 
2.0371462103765157 
1.9598757371260593 
1.9699343654689108 
1.9184237869114513 
1.9870400219265543 
1.9509318647422376 
1.9906424289014495 
1.97942755949395 
1.9504909028115545 
2.1366763811179856 
1.9754615972302074 
1.9133410256526278 
2.1833561995196487 
2.124650045790283 
2.1643496196777767 
2.1493228307639503 
2.128514510599807 
2.058021187927064 
2.1364501893763626 
2.059097225524998 
1.9962949743371576 
2.2140914921504495 
2.0183474526477903 
2.0834442453125406 
2.1268934268710358 
2.1718345218681225 
2.139382136992405 
2.0187902008436684 
2.014846262130659 
2.1058359076267488 
2.1430283754426243 
2.0448143440394895 
2.0622912549260892 
2.20686833685999 
2.2665522682574326 
2.0684130444005766 
2.0721711133192424 
2.1147961927662915 
2.319183870971678 
2.045693966993631 
2.176946863037283 
1.998208432045479 
2.106785036551866 
2.0675220894339192 
2.1043086630738634 
2.1857420323142196 
2.173440540346914 
2.1454558367376815 
2.1017271072806722 
1.9706499800895685 
2.0426050906683813 
2.0843265295605695 
2.0693586423339387 
2.108376107510343 
2.076933472954492 
2.065434325314838 
2.132190750148686 
2.1324084197530735 
2.1550970061004153 
2.1743801171433943 
2.028399766830777 
1.9799417128971892 
1.8977759064825577 
2.0423585042573302 
2.109885066718244 
2.0145397398872786 
2.0070195920002227 
1.979692365762372 
1.8955959277910182 
1.9728102248427983 
2.0567393096306548 
1.9595251341832327 
1.9459022774083254 
1.980640736204208 
2.014213311753907 
2.0735900577490516 
2.0928778689206244 
1.9873067487567715 
2.111631129334895 
2.1402674604159553 
2.1049349083061077 
2.196635987020063 
2.22968711631655 
2.3771759797190204 
2.563221865642044 
2.421059884847731 
2.493852595075588 
2.339582926749401 
2.124480466592958 
2.2670630365864928 
2.0871692730237266 
2.2305181444413074 
2.212609444473076 
2.389873891665371 
2.3747639877832576 
2.113279446614915 
2.184198317305555 
2.1668570654811288 
2.0712678343130326 
2.15975372543728 
2.159252165677366 
2.215473737213533 
2.180571010922809 
2.0970537586467306 
2.184603728893415 
2.1114191569879455 
2.1474482891823525 
2.1314975562036858 
2.1353266978648224 
2.263139913421101 
2.06632970927423 
2.19891630318413 
2.3512347907348135 
2.3086425815961427 
2.4120387995267256 
2.3145656973325672 
2.4573615033023546 
2.345726784285636 
2.368850716629508 
2.3801968347408766 
2.284351112176379 
2.3749931488017193 
2.3799517357527225 
2.3282037719388216 
2.425085264513689 
2.3579631958668745 
2.373658238190925 
2.450067218449376 
2.392633673376242 
2.4457642617403144 
2.3509529103743696 
2.295185042089158 
2.406763338615534 
2.433198765908043 
2.513252872792559 
2.4430558616787446 
2.321609363886001 
2.400551689674072 
2.4753808388878906 
2.247293851884968 
2.2308677762804052 
2.220307855282073 
2.221235790818769 
2.087731485259104 
2.130211307784592 
2.156108536217887 
2.0718873788051955 
2.263571121652256 
2.1596054338600963 
2.0927018218090545 
2.264180960495972 
2.2987148183395303 
2.266074734358944 
2.308250529165403 
2.238413279650198 
2.3330555133198554 
2.199920705504565 
2.3860122933137458 
2.5167061490893747 
2.6066631068494837 
2.4494913931142728 
2.4532035856012353 
2.457033616322372 
2.4337562028387505 
2.4694342968242617 
2.62217920083852 
2.5247614651025536 
2.4944374884519656 
2.429494740680934 
2.489072688796964 
2.593658041612627 
2.5575982669776027 
2.597737786782937 
2.4708543429698646 
2.4982385384193844 
2.4588206054264155 
2.7203428131162912 
2.502077574971349 
2.5422559460254632 
2.640243857347539 
2.6644206364416645 
2.5999079658324584 
2.6340134951805707 
2.6098464256123695 
2.539081833207599 
2.6621018463738317 
2.6650780863859693 
2.5627161641662135 
2.655346031862934 
2.616626535322381 
2.6367108915225574 
2.65281301743423 
2.9644624008605014 
2.576049101221289 
2.7178369619496947 
2.6649625313065153 
2.771368673891808 
2.610608620837627 
2.6098327544565105 
2.67660784986428 
2.6917515991188568 
2.614345324162769 
2.5922139894216065 
2.660457317479952 
2.7816200158799536 
2.6548500173316545 
2.6029721951704636 
2.6306805346257778 
2.6692639851351805 
2.6378881660642777 
2.650038582934777 
2.697184789156908 
2.724177057967662 
2.7268426671520922 
2.67880922533382 
2.6227506626882184 
2.6961775673429202 
2.7401161263129317 
2.672212098250128 
2.608709306425352 
2.7869072844441622 
2.8000159950736183 
2.6718229063824936 
2.6922481662510154 
2.698192990526121 
2.6268138435526454 
2.684636420680826 
2.7406675890025127 
2.8477813766329154 
2.691546612286292 
2.9851260968892896 
2.7811661051469483 
2.7680912629147856 
2.750771697698884 
2.6994051696740176 
2.568838922632184 
2.8774461399418643 
2.6493327083110447 
2.8121019100460405 
2.8406982560427645 
2.840557492631137 
2.6216322210666494 
2.731239305363776 
2.7607228804890043 
2.913586233033437 
2.870236994619802 
2.713472189493302 
2.861526961061573 
2.706101589307682 
2.724311251420375 
2.7714852344629852 
2.8451551629467153 
2.8263926710037235 
2.78022214544936 
2.7734927543360817 
2.917625833606138 
2.8916005225732166 
2.768109679093603 
2.8647438521789446 
2.697282128851274 
2.746409387251605 
2.7549202043577776 
2.821814355937537 
2.707606355806942 
2.712428880776532 
3.105351376007449 
2.874858509009386 
2.910370891731106 
2.898404275750167 
2.8449357384816887 
2.841036409113716 
2.8764327743192437 
2.9540255008047693 
2.8210183198732 
2.9645327720191004 
2.583992028290831 
2.90257778895945 
2.8058634357455228 
2.891325131494846 
3.0179977487578244 
3.027536136528734 
2.9393003381156526 
2.884176087428657 
2.8884370607382355 
2.9857063481374753 
2.78915546960754 
2.8977319188602704 
2.7674993031769524 
2.8152833450268466 
2.795996345015266 
2.855299702429647 
2.906929902276836 
2.716913952385061 
2.920547476990328 
2.805845658707927 
2.8600655011510523 
2.945491153095701 
2.8495619490657136 
2.7327365177616945 
2.8558684136425145 
2.833924260346302 
2.8739101065667216 
2.9104302286037944 
2.8150622615191003 
2.9348827680803886 
2.8625222491458184 
2.7914195922810743 
2.980725688431466 
2.9335682418888016 
2.91587892782999 
2.873041396436688 
2.931111495603674 
2.847306563913188 
2.8514565201270226 
2.927099374640824 
2.8976322969697814 
2.9041561908600184 
2.8879388532475576 
2.819505950073138 
2.98568309720483 
2.9255013164485 
2.8638443233466377 
2.9583729638091234 
2.9155174187483794 
2.884395214206008 
3.0130450627801504 
2.772148823823834 
2.790599845942505 
3.091280488582868 
2.952736062067987 
3.1693406667977597 
3.150093261387117 
3.0704896084706883 
3.0679964824882515 
2.954984836184395 
3.067256511209393 
2.9185987941237332 
2.9002436625570254 
2.9845459692260987 
2.8972723192388363 
3.012960472642874 
2.9065022699988248 
3.0153917114493174 
3.075896395172838 
2.996872196523786 
3.0573782646421703 
2.925468458272138 
3.0268086653038506 
3.0924008981327775 
3.081257210833636 
3.1428593949902552 
3.016563479824762 
3.4401118374344417 
3.3790224765754315 
3.4058602455121663 
3.1860216759074302 
3.117633450837753 
3.1939332473573807 
3.3144885800503774 
3.2705247767278554 
3.290997813983392 
3.44957662838321 
3.367927871161958 
3.3644196003557476 
3.477537271553977 
3.4595447019702203 
3.4090474517366336 
3.2381829833893763 
3.4785873205147793 
3.384567618942098 
3.26744588205524 
3.311878007669899 
3.3210555725959074 
3.6260953998073373 
3.610825864595083 
3.537011258390976 
3.763597079378743 
3.544095884938766 
3.352706462232582 
3.4983239826627646 
3.826369059935686 
3.7359037301117697 
3.4445848202982887 
3.4342853497550574 
3.6257589528291594 
3.54182102566385 
3.3744221167604196 
3.5890765725136267 
3.3611114266729003 
3.5485706699258457 
3.6556704404072313 
3.474776187868474 
3.5650155560080456 
3.307187861766811 
3.509609455338589 
3.271344834741891 
3.351326751049023 
3.4815024260618794 
3.3931805313810424 
3.3065051027403487 
3.477395440433312 
3.4514521652461245 
3.469716734047967 
3.537721049371155 
3.4238953807836316 
3.525955043574501 
3.6368495861245558 
3.4479850445220332 
3.6056101884685376 
3.5286193647605444 
3.4728287469742494 
3.6411089355232322 
3.523182140281298 
3.602958508456718 
3.597952749754072 
3.578559276849217 
3.605861021705243 
3.6017429904792206 
3.615483968058925 
3.5840229229821228 
3.5289687504878877 
3.6335797794676217 
3.61958531363592 
3.6412009340398206 
3.807240285709485 
3.7504776306541308 
3.5830452733673432 
3.5867753551085153 
3.597732377803545 
3.859556482063692 
3.836532116371588 
3.790850515791401 
3.60533343094109 
3.6813724645505363 
3.655303345178019 
3.7298385680619086 
3.7392552094149294 
3.6770767863280356 
3.706761529093841 
3.653305374596501 
3.6105951266273326 
3.604991135792803 
3.813597720783832 
3.568567314693947 
3.6865299029722336 
3.9756091311470834 
3.7482806900012395 
3.6874129269885247 
3.624994372901666 
3.5407490219287774 
3.822881971441793 
3.655647640141596 
3.6750977652437204 
3.7199856628282753 
3.988051421530059 
3.9434748844673693 
3.7815344296891653 
3.8751321936101313 
3.7533483825727307 
3.833857126704502 
3.897595599914455 
3.7987344350095915 
3.7278294395838705 
3.7391793963399134 
3.7615581002938656 
3.79052437302785 
3.911770134299159 
3.9513962910830998 
3.9920956801138185 
4.009572948140321 
4.006620209416872 
3.889925046009657 
3.749537366764841 
3.6596844914200726 
3.720974845060087 
3.698937976881414 
3.65551198028713 
3.5121796620861705 
3.7952727570943745 
3.8659122782313715 
3.7447244491073026 
3.756636219861729 
3.9280402922012883 
3.8111752693403957 
3.9284548486958877 
3.9310775328411616 
3.654758100025018 
3.6230418045157338 
3.8010211882779195 
3.6849384422220304 
3.7902851483923174 
3.6319922049944857 
3.696415881261905 
3.805860047021118 
3.818699826454411 
3.678640854064111 
3.7887626398967655 
3.7661679352177653 
3.660444865654839 
3.775741155055153 
3.693823326566861 
3.875124924040022 
3.858867033460941 
3.962195373690721 
3.83596282602314 
3.775374346688888 
3.7501976495957017 
3.8878151427048713 
4.020521414497638 
3.8806377781607146 
3.9566988778950813 
3.62195117373456 
3.811503995519602 
3.841488066124807 
3.8834852330264678 
3.980549332118985 
3.8011907391116853 
3.7966648112205372 
3.8544243435454244 
3.9938394967446516 
3.889545634188455 
3.789805186120558 
3.7124884149758093 
3.992866879767124 
4.103494023458295 
4.057397936856619 
3.896545084908402 
3.8230149664316113 
3.888938841855644 
3.8566799200287685 
3.9129555968895864 
4.179329656537213 
3.6734289405649148 
3.923275207622907 
3.6585786175849626 
3.9290127674682904 
4.019228240660858 
3.944010912763014 
4.094017280857309 
4.124335533781637 
3.867691330878272 
3.9453173813977322 
4.049464903655866 
4.109482951679573 
4.107799317455884 
3.8661460774047254 
3.927543014463225 
4.064865672408835 
3.984022415729322 
3.7435307986558013 
3.8901694611707387 
3.6271410949364173 
3.9370500573602585 
3.842892283642943 
3.89749611797758 
3.614369008312485 
3.8118077130745096 
4.007231388772747 
3.8911149821346886 
3.7438192880424728 
3.8537201511433836 
3.9302221480388564 
3.95732779127614 
3.885932538551836 
3.792703993760301 
3.7634506648360477 
3.694560010773859 
3.75561871343078 
3.660546329326849 
3.7682212200279412 
3.808818213169969 
3.8090351584136224 
3.8468957374850254 
3.7701778114757496 
3.573231388193978 
3.8323156617642784 
3.7122897845924143 
3.8114014275513024 
3.5050481515471272 
3.6446054697065127 
3.949022412725506 
4.105794131356917 
3.972654787947934 
4.058368428193474 
4.158048632958977 
4.087641751394663 
4.235261477037681 
3.9553484184485126 
3.9841439523876687 
3.785196495864721 
3.8811715524225203 
3.9045602832435526 
3.9791993738758227 
4.062599232306457 
4.020063426431618 
4.035900824097093 
4.19589867720312 
4.138382312812334 
4.14721493079841 
4.070954875023623 
4.122285814087694 
4.01616380469843 
4.2501203976416315 
3.9012655998589927 
4.0373277838153765 
4.185252165091328 
4.099990584788911 
3.9712190554822704 
4.092390923599688 
4.099013803856417 
4.031059832174279 
4.00980955766256 
3.8833804767261335 
4.05298648924581 
4.000162408178582 
4.0845804548066855 
4.11912921836831 
3.946071163365818 
4.124171922402521 
3.8545601433345835 
3.9479967231302004 
4.055253309415714 
4.237954853538278 
4.116719441749978 
4.140580845776431 
4.07706585120089 
4.175704062775489 
4.106833631556292 
4.108580219484761 
4.095719757749224 
4.281382840068293 
4.022249227484917 
4.189618172486929 
3.9208183948691517 
4.097043009072405 
3.8992265734740847 
3.7963684516722003 
3.829906004465058 
4.05743056962878 
4.081931244792633 
4.043198438456518 
3.890342682698084 
3.8014988865165606 
4.075633013667894 
3.8666220228748536 
3.9781153108009164 
3.81940259944474 
4.140721255980338 
4.191049619888881 
4.146912584000399 
3.975442599579373 
4.151100231192657 
3.905766326914454 
4.26542897032163 
3.929973426106304 
3.9941230144712425 
3.978011750154358 
3.966546459262886 
4.117721596118098 
4.033534249305822 
4.030004685500693 
3.9072300491248284 
4.001102167747238 
3.7634309182918453 
3.919341174037419 
4.06658377432634 
3.8822253164813976 
3.881656939447975 
3.9415267403961427 
4.033265910276307 
3.9039197285657967 
3.9546435401537168 
4.0938178709389 
3.747534800529126 
3.8471766275126194 
3.7859568698264616 
3.815958624148352 
3.7969092144374135 
3.954939182565969 
3.939906791198649 
3.9841079337794167 
3.9464759715637303 
3.93910043476923 
3.8529737424648354 
3.916712779074263 
3.928208421704243 
3.983427088984129 
3.9176274621026748 
3.749171715409216 
4.062425433928246 
3.927071942697538 
4.003465813174377 
3.963083293182657 
3.83124339935885 
3.7434312183560894 
4.020932071687777 
3.90896863775657 
3.8501081814197016 
3.92636323441018 
3.903046178414632 
3.8709120271512036 
3.935174692620948 
3.7619500532915477 
3.9517173246891986 
3.6588921902217324 
3.7398644721183585 
3.815505797427608 
3.709731795654819 
3.8782513545243185 
3.9914137771004814 
3.831731751542832 
3.6970870704765906 
3.888252961098241 
3.7778693285258402 
3.7037617248746946 
3.6834351864199966 
3.462878470127055 
3.6250223448404006 
3.425677624502532 
3.7395112223487534 
3.412072125334345 
3.572816246992057 
3.3447444415189587 
3.539774205254904 
3.559736370364656 
3.318317848026236 
3.7385381465639047 
3.545101699081214 
3.632715682834512 
3.610685403263511 
3.3832770476083 
3.395352137756553 
3.6112133099257755 
3.4186620906588443 
3.6122147601116987 
3.4431626817893535 
3.5198692049048925 
3.460042690841282 
3.3525355599045508 
3.3854682329878036 
3.427030288119536 
3.3141996812701953 
3.490354268799532 
3.5780259724558183 
3.4863279763421273 
3.351974988379057 
3.291330682225996 
3.401545682797623 
3.4056005512804743 
3.6179458648587466 
3.356101352946322 
3.544025946051144 
3.3442659064123625 
3.4009347930653337 
3.429121186596581 
3.4341249810399184 
3.2870529505329564 
3.5355975440902996 
3.417379355565689 
3.397851763816544 
3.368472632585671 
3.2427023129076122 
3.3017581985127435 
3.541255242958372 
3.369878578842597 
3.4139111601932455 
3.4556835593064648 
3.4737350106117058 
3.328216622532711 
3.422468761803366 
3.3507231659901153 
3.285543183665571 
3.4993723482767156 
3.3069890395266803 
3.4618023624297356 
3.2764889725767716 
3.5068283575995776 
3.687576376852089 
3.455828746102026 
3.494097776225558 
3.313275961672798 
3.513268630609372 
3.5899869584549657 
3.563816672016145 
3.5930384364687735 
3.566519755006451 
3.5011148520386333 
3.509641549834717 
3.450422412848152 
3.5780567053342986 
3.6428061415858743 
3.7302400129285336 
3.4417453495754384 
3.3676737817408426 
3.5800200377422047 
3.619570480999082 
3.7107122689113883 
3.463165356551976 
3.48687038195975 
3.638383970097765 
3.5603557890790003 
3.5890665453748323 
3.408446931543285 
3.6402903817942933 
3.624080556313895 
3.6103182682809822 
3.4310119987168983 
3.674838579344393 
3.457222701180214 
3.68927670453607 
3.5366754912988205 
3.5514391557783846 
3.4531499408762043 
3.6378724210516773 
3.343440314306175 
3.5621649857132844 
3.496382546525978 
3.5272052399274094 
3.587720531080883 
3.4962527318465364 
3.533276962778004 
3.731750771329866 
3.5861342242367353 
3.492841546029507 
3.5050815187658326 
3.5957381422121464 
3.6954397915235138 
3.661185733273249 
3.5722335901419062 
3.6327063385835383 
3.6494427278219175 
3.537964925663883 
3.6130293014714168 
3.5171944095457968 
3.546360981784464 
3.6923429699394714 
3.5467331109447144 
3.5612331575115115 
3.6377219348162266 
3.5398726569889822 
3.679895924014574 
3.5861177920152274 
3.7339086448928516 
3.507441641214425 
3.5093722796059335 
3.5206123400602847 
3.577485934577059 
3.6570803966688037 
3.496370033495535 
3.5541634790014798 
3.422436839316717 
3.564050313319509 
3.588005468520356 
3.7844472733373404 
3.795692153801165 
3.6737604225962426 
3.516003185085455 
3.674990519745671 
3.6562596845138393 
3.67075449790863 
3.723949263154403 
3.7125526309221693 
3.590795278810578 
3.7241012432414586 
3.5213930068326325 
3.6468043901181093 
3.5492334926616316 
3.7879887283707783 
3.6713997533471687 
3.429812326114338 
3.657585287078845 
3.7224502212042005 
3.6205474383669087 
3.4911260565456566 
3.5437998328301146 
3.5050697494419065 
3.9523403367021928 
3.9825624715064567 
3.898556086974435 
3.7020840489827065 
3.94176365457131 
3.7720301834873 
3.9058381565492795 
4.022748236550802 
3.940354794400485 
4.036874665832225 
4.110421579799678 
3.9572285496390585 
3.8677838493984305 
4.180552855318091 
4.015095922127051 
4.046372878902518 
4.021161815334559 
4.010701979700031 
4.1284433692270674 
3.9488554577780888 
4.0930828675790885 
4.250504189546918 
4.118723396548838 
4.060301928492932 
4.023231438999821 
4.130219596638855 
4.157251173006915 
4.160098046893075 
4.010348860257439 
3.8663593768111717 
4.025472959408126 
3.9218679389851436 
3.7902888556050107 
3.915851067617407 
3.945527409404814 
3.9065368908328315 
3.7602111268366505 
3.866627080762553 
3.8706688719491544 
4.035497284963098 
3.8112575014121783 
3.823497428726961 
3.874004738102141 
3.9005953753671445 
3.846137141324478 
3.7758721650487037 
3.799896622116622 
3.8144138976335222 
3.9341871840350082 
3.9147379189818943 
4.022971536715483 
3.998091024034215 
4.009974308311467 
3.936166339743539 
3.9312634776193693 
4.1446193999386916 
4.066108022416801 
4.080633748324441 
4.283834133948433 
4.127676688116139 
4.071970673686772 
4.036028938061768 
4.098145991242826 
3.912786239331242 
4.067957040975227 
4.0239410674900915 
4.206800779705071 
4.2750438068504835 
4.248601504967506 
4.0420059428581885 
4.120976971677031 
4.139363979596286 
4.208646626691544 
4.247417660832393 
4.313985076263508 
4.261402017068078 
4.186055583607058 
4.322085076293444 
4.385031410541897 
4.2891122105192725 
4.435737834114208 
4.31819100218953 
4.4066031782188855 
4.419176941794086 
4.262989997070969 
4.231423158830371 
4.1526273261660736 
4.338965901662539 
4.36751973117983 
4.430093297775589 
4.54134796991688 
4.297037792494129 
4.199669156427224 
4.263761455397882 
4.32541154419096 
4.361311967356796 
4.492350113155793 
4.269657781647915 
4.38549085671328 
4.486780657884241 
4.4891643816713085 
4.513981106159071 
4.391743395620722 
4.509036233251034 
4.240450241793402 
4.172892777885286 
4.491910832002438 
4.318162303343604 
4.322217019952422 
4.395060746413274 
4.393303181776669 
4.286706836669905 
4.4383272498559805 
4.382228606930661 
4.331783518891715 
4.259799127829425 
4.268522275834239 
4.385810095497077 
4.20928278882673 
4.21849357716405 
4.283013408656817 
4.241142477787342 
4.499277599311028 
4.28223307383967 
4.273763440421637 
4.301787526383418 
4.288120034921633 
4.426540203777653 
4.309637650306077 
4.10162543132803 
4.409149836694143 
4.469496782660342 
4.423845589714677 
4.098457312516735 
4.213696435985806 
4.217391319452393 
4.371743460223432 
4.316119019487062 
4.34363908078861 
4.35346935256161 
4.450203852690261 
4.25602397579205 
4.352021390569182 
4.531368174024373 
4.563964167286705 
4.312616694589782 
4.097424184057188 
4.552909709264583 
4.320688500459462 
4.280910399976695 
4.230568377766509 
4.295980355119239 
4.25496703240933 
4.243124728125729 
4.242431476379535 
4.528050322563586 
4.425179788006442 
4.358822907313277 
4.185289043228409 
4.263672727235842 
4.2014945038498 
4.1977113671056 
4.184382734966586 
4.071622960176408 
4.329698854151896 
3.9706395969897135 
4.072909742151634 
4.259330485119621 
4.286529605988424 
4.3566734228359865 
4.132851950580457 
3.978834600379356 
3.9459375798293843 
4.139597077824142 
4.179301771425486 
4.170030525877387 
3.952713415818451 
4.26898361811531 
4.179350701928795 
4.07931148268509 
4.351412111352531 
4.1356131668962535 
4.257746431224897 
4.198087954836682 
4.054140599775914 
4.123554708267863 
4.109878059560898 
4.293384137796569 
4.25120738768048 
4.290578115194617 
4.22173140154564 
4.156750847040489 
4.06947375109699 
4.222756081927813 
4.0030596300427455 
4.351278485869158 
4.257540039510985 
4.134748884003998 
4.059987623479151 
4.218943823540199 
4.023817756636492 
4.313596823260827 
4.266437733356282 
4.132081562848264 
4.49299065658628 
4.209495176232313 
4.415379673846569 
4.3333507939867 
4.309559956910585 
4.560096641997335 
4.265698462077234 
4.6707201438296595 
4.472954864856157 
4.463917810220208 
4.5060936104687235 
4.402679215075779 
4.508705176566444 
4.2566341915733314 
4.469355523597236 
4.448547091730347 
4.343588944272077 
4.382081115015892 
4.455530621470223 
4.340203479075447 
4.568930553453852 
4.334302287380821 
4.3319704600187015 
4.273541115952016 
4.2400970451130355 
4.448111512186736 
4.308679821589692 
4.605525394333588 
4.390635791077951 
4.346082041650775 
4.227888668109536 
4.362598236296747 
4.408346640922009 
4.485397170659321 
4.374942021982196 
4.264413269884621 
4.2817661765960775 
4.247146046157688 
4.338459762212217 
4.553115736045423 
4.541532210349081 
4.652551325667031 
4.401014804113521 
4.5174320142099775 
4.425275573204076 
4.310604456434037 
4.471339935846926 
4.6027416562516645 
4.1702084459263205 
4.160447323406064 
4.4014666634983275 
4.2639244735905315 
4.34807935873824 
4.555239820343441 
4.286194928127503 
4.342898478221577 
4.287114056623524 
4.492543689705267 
4.321145792475047 
4.289632214805711 
4.36750422726763 
4.343950243040754 
4.444597368720444 
4.361719332240832 
4.420525161561436 
4.191053383751236 
4.341862330491814 
4.338477990090643 
4.437380512253619 
4.321651939450685 
4.410593118484145 
4.31206806655377 
4.516806495280503 
4.25254739297734 
4.3622044392404495 
4.2997752871593065 
4.366352956253395 
4.2013350078423395 
4.158826540353574 
4.27125436552216 
4.247851960608879 
4.3032958381163855 
4.129714502511384 
4.3521794140049685 
4.201486116026933 
4.285153030092524 
4.3234887959247725 
4.198208485023283 
4.332270800960339 
4.243453828943807 
4.396762443768831 
4.243615848833529 
4.3150528609381364 
4.425944672644037 
4.416414012110581 
4.325087197078585 
4.337710819915913 
4.309961500024969 
4.375425818138233 
4.556289947679314 
4.278181335460475 
4.422849702381898 
4.384038521096376 
4.405889794402364 
4.257003231072874 
4.427455397971395 
4.212306902055472 
4.048199160787876 
4.207839351129195 
4.406680917019817 
4.252917461388075 
4.247129003642786 
4.240534625170765 
4.0488771434925255 
4.190208868908551 
4.366419291432961 
4.409991211418224 
4.515581363538922 
4.115454023217257 
4.3082946463560985 
4.392411357776149 
4.13366255997794 
4.380258838993628 
4.6788189581333235 
4.808758219326437 
4.642473971551511 
4.598464538649166 
4.662276626602529 
4.657040008616819 
4.862274151490385 
4.810003472986311 
4.806782668118053 
4.753142349433947 
4.833276752753635 
4.889719678243294 
4.759091118023822 
4.828544700005384 
4.867492972867233 
4.998385339013377 
4.981909481920286 
5.0060219163054285 
4.999127592716561 
5.146682087605719 
5.187090911537011 
5.0428454021006575 
5.071715809842409 
5.046642091535172 
5.0629760844842275 
5.094012941316756 
5.054028834347349 
5.194175482155457 
4.883868264518561 
5.158431762813952 
5.262119620815394 
4.988453762522273 
5.003488124498519 
4.94963864751516 
4.868049361522602 
4.922562623539004 
4.848733033157707 
4.954407204953965 
5.099950066192072 
4.71722404731693 
4.9517499009237405 
4.721434698462776 
4.906493760769109 
4.745103663155538 
4.92151136115178 
4.822695037217402 
4.913785062995833 
4.774133600531776 
5.012772335602367 
4.779448302588251 
4.934736651203824 
4.778458883312163 
4.842293334793633 
4.819544682917545 
4.953525810395316 
4.8484635520603625 
4.9328056373976 
4.9007926327065485 
4.864067807200645 
4.795018536016305 
4.652759671121974 
4.899518762567926 
4.911010505420215 
4.988860376612412 
4.883553777460079 
4.856487099547892 
4.907275740309122 
4.766138899935318 
4.956249133040876 
5.021221924988354 
4.647331025521123 
4.904405667333169 
4.945206121883943 
4.964045271370958 
4.885541590217072 
4.933315127600049 
4.951748118177172 
4.788653692872912 
4.814941288080137 
4.676648339782885 
4.995015972795329 
4.843275145369186 
5.140043833756383 
4.647918330765917 
5.020591911987715 
4.891555192270858 
5.041876652595696 
4.79893218161471 
4.669826917731971 
4.722887999268928 
5.010849814132012 
4.929794382910843 
4.851628094534736 
4.942372671012897 
4.73179761771864 
4.728223408907884 
4.848918586276569 
4.8627824435166636 
4.79680024286045 
4.855864602680909 
4.8283793471843595 
4.851763145301716 
4.849450938442421 
4.955921873901897 
4.920606042190751 
4.975630315007974 
4.929925335025711 
4.943571604069371 
4.828991438323626 
4.798725012837523 
4.822797167071472 
5.069926710475017 
5.07708733663855 
4.9986969100916765 
4.916701323371823 
4.820507560616299 
4.754789237640723 
4.933576341102427 
4.789626558193873 
4.860734508404793 
4.92033831131996 
4.953375107500073 
4.920489200961661 
4.74017922457791 
5.005259758579898 
5.028063200782844 
5.0593652392255 
4.720803206047189 
4.833562393599307 
4.9419832317856605 
4.962375672528172 
5.0321809635831265 
4.874197259086809 
4.831364059922454 
4.889838931970615 
4.887291137052934 
4.932822929767538 
5.026395205128199 
4.697796953891006 
4.783114425435783 
4.709400195610762 
4.585422247802607 
4.693767918550645 
4.872671624237291 
4.741614364972528 
4.919963870435489 
4.868725034759982 
4.787912615144449 
4.923033167662796 
5.021424576554685 
4.587162167140658 
4.727879173127831 
4.90446758005908 
4.722342650126675 
4.80425889388081 
4.946814083361752 
4.753388925056019 
4.864622231315267 
4.799666793177689 
4.788801164659393 
4.763107485144094 
4.7905934636267 
4.987067721399366 
4.67248169242174 
4.8498928367795395 
4.7719397790440645 
4.98177399827674 
4.992240226865409 
5.258618594929927 
5.062981563873058 
5.332135399217443 
5.124076647720192 
5.041901248103592 
5.207563609491623 
4.997529353037554 
5.149023000376544 
5.201097207802316 
5.102800280558347 
5.0821903743137415 
4.959556629099336 
5.113326429216557 
5.233087993605126 
5.076360396725303 
5.18922028780443 
5.068977857371454 
5.2812364718742515 
5.089259598023457 
5.298604595233427 
5.020562365424523 
5.088144146812705 
5.158181421305009 
5.1503673937289305 
5.161160686647305 
5.201993770886539 
5.3216622842227 
5.166069403527943 
5.179386931575481 
5.031422779985008 
5.196765190352657 
5.401543146736531 
5.384898386254971 
5.073766786529919 
5.162786792517347 
5.276524816964864 
5.192816961022016 
5.3384881117065675 
5.218371315947086 
5.191158149290389 
5.31886146366128 
5.154171734961257 
5.084734637562959 
5.578627084864336 
5.230175866145125 
5.17816977994141 
5.149571804021666 
5.190059338620905 
5.113165577287579 
5.145175713180679 
5.007656107771378 
5.043797837620137 
5.171385965792506 
5.197468375404287 
5.108298893102973 
5.367065411028783 
5.264821168118003 
5.00948539976777 
5.119912710988211 
5.149521851851417 
5.0858767547130705 
5.190451026010653 
5.172137976666589 
5.083293038812055 
5.220171332407933 
5.349500558273648 
5.133982172770654 
5.24783481468877 
5.182848846024786 
5.319930128779207 
5.366384321512505 
5.4428278016146745 
5.543478181984118 
5.577690468221205 
5.370314618662304 
5.544922394720236 
5.756023374524688 
5.820202279494976 
5.859822409895763 
5.805392768829441 
5.966739666019358 
5.668804141267494 
5.515875028350054 
5.773597783097455 
5.801596751626431 
5.822497797642952 
5.626177507720312 
5.561818276455336 
5.478183715877561 
5.66082389837082 
5.7220312821447274 
5.665731179590518 
5.598322325995975 
5.524174831584706 
5.714163882696064 
5.626156552521558 
5.686739977626035 
5.6291156223638765 
5.802191286249899 
5.645237377811036 
5.699731375030619 
6.106480645116806 
5.729864694872898 
5.954314918521269 
5.657959835771816 
5.809832511137972 
6.125087228200959 
6.024033088183681 
6.179635553950037 
5.951891331114798 
6.080117375243025 
6.143598647391633 
5.982970065516768 
6.28737668596968 
6.403661327344905 
6.369146538270122 
6.387940346204067 
6.469927090951118 
6.236949581340182 
6.203302721659862 
6.346381029399628 
6.35620066397174 
5.944848842697856 
6.322659157697888 
6.018289518013012 
6.001675514061937 
6.36612722035339 
6.221632400336601 
6.063705751050832 
6.1726438539787 
6.1420202324817295 
6.2757341319919355 
6.26859887066583 
6.229351904833662 
6.217145390080008 
6.153294487250583 
6.267798181337433 
6.351582878746983 
6.0888675268634795 
5.878500286498075 
5.841701892201972 
6.078820493369501 
6.0644149754035945 
5.797967985812168 
6.029093744600335 
6.165361714417121 
6.003303453911447 
5.788379592963077 
5.833807084189821 
5.8014487849450305 
5.947491658859817 
6.05370400393981 
6.059766996036575 
5.764311119199442 
5.774667038159474 
5.624830974087826 
5.912169696859247 
5.6820970785612435 
5.7700197456675895 
5.6009115622016505 
5.472048293395771 
5.797715319253165 
5.741036218650634 
5.635241084979806 
5.704050019713292 
5.715923153370455 
5.875661483685295 
5.605696551885482 
5.617907515908518 
5.683435738078682 
5.5670813562447545 
5.751391939066064 
5.698102385978331 
5.7751900834509895 
5.756819871618056 
5.620047814037788 
5.598644160187824 
5.709457116246397 
5.68926385198328 
5.662314628838121 
5.75491041369507 
5.828583364756589 
5.808988263547649 
5.560944229045011 
5.616290832988828 
5.568730343202638 
5.534960982074575 
5.953080887539105 
5.757869707534396 
5.706487415126933 
5.742933291494465 
5.827793983235135 
5.640690147998092 
5.650157004370431 
5.779793008685058 
5.567140665135636 
5.587455272895248 
5.580837573371035 
5.496124762337757 
5.655974225533627 
5.797679161156201 
5.726245392476887 
5.7390568401256825 
5.589254681233798 
5.649190157370765 
5.512812607147578 
5.7097078407507755 
5.950370934740118 
5.994039360617608 
5.608641215152886 
5.622755359422668 
5.784038212728405 
5.751761468888237 
5.7679532819008275 
5.800429007599673 
5.37773302473132 
5.636409568240001 
5.839287745807836 
5.653230224052921 
5.572807716546326 
5.687169208623309 
5.650002437108687 
5.684508909483644 
5.783944195557766 
5.777743837501135 
5.862613500696633 
5.776695156598141 
5.6217017941368415 
5.714905196997041 
5.353067638921008 
5.626735638757411 
5.499347961425423 
5.467064732524745 
5.723362893362777 
5.703504080849601 
5.757880871149713 
5.548763170085737 
5.343910704448637 
5.343008940583908 
5.526621856781775 
5.500450205342296 
5.434538100172286 
5.599275220447264 
5.349960425477764 
5.380973494233799 
5.331912680907731 
5.494366033940593 
5.55949655343406 
5.390379933381798 
5.597910059813113 
5.4146082564200695 
5.467936014490272 
5.439160762799035 
5.641511191095028 
5.316847097950824 
5.398604226892071 
5.286786684765068 
5.263134819822674 
5.560621840110595 
5.271014362852469 
5.6309198871669315 
5.27120903681058 
5.428495778669877 
5.689919514785233 
5.390774016105819 
5.414017917910047 
5.77464483952943 
5.220092326767433 
5.532940950551644 
5.320096168416456 
5.50021891621098 
5.59127503305088 
5.569503480782617 
5.413827712994413 
5.471974095567707 
5.457588888735874 
5.191440166060632 
5.352302150251643 
5.471623520761847 
5.279558111558323 
5.55987113541716 
5.318009777836868 
5.331564087735907 
5.345433200769812 
5.311413287717681 
5.36711681842795 
5.307824928153699 
5.238835626251561 
5.3587349634335775 
5.425417111624433 
5.3742573740232595 
5.481106456945674 
5.672004552462386 
5.2541648301115425 
5.5467081343367735 
5.398239386815636 
5.438822297170439 
5.350842686196017 
5.370903216461135 
5.257893564323086 
5.37290387790478 
5.462149470874582 
5.6149971881526355 
5.548088076866823 
5.403843184205302 
5.591306877139527 
5.651611624378667 
5.766767842020372 
5.763508568319877 
5.813586310523541 
5.597815916271433 
5.940099410020581 
5.625836844332358 
5.726223223235742 
5.7772351983607715 
5.720974001310767 
5.789275877431957 
5.673416159640169 
5.76155098492091 
5.7351086180578426 
5.758991828604768 
5.717449451564261 
5.8649088085291625 
6.107606180106044 
5.821694671291907 
6.199340847288697 
6.090450653484702 
5.991545713361153 
5.3713855696624035 
5.707279981646275 
5.628328245106542 
5.642179127575989 
5.820149390186678 
5.584297712137045 
5.77657463782292 
5.900088617952673 
5.925092363442741 
5.84571592765299 
5.868915836974234 
5.955658663726604 
5.728721410507355 
5.782783676728933 
5.788815229996935 
5.579543471165397 
5.580413840276749 
5.719190571853476 
5.816460391419638 
5.816092791259395 
5.979450587758059 
5.729386278479295 
6.111389760943495 
5.921711817281054 
5.76604567676331 
5.920385898798515 
5.767836556911954 
5.953151121209307 
5.807841252374345 
6.003478678880421 
5.839916211869451 
5.754561957840202 
5.966798207070657 
5.714805887728477 
5.880057426223693 
5.959773223326682 
5.8581163596325965 
5.806274823982118 
5.925231070189756 
5.908179992104542 
5.951664586069492 
5.838168096954252 
5.883759087557861 
5.824455341516476 
5.792424231716819 
5.655766350007474 
5.476551866231874 
5.852472482438403 
5.74538556704324 
5.741069692725272 
5.709429303554561 
5.857471314721694 
5.70145895246712 
5.746467999849988 
5.764300964628222 
5.603293272735333 
5.774968231870757 
5.76959229124056 
5.445949145020777 
5.485849965297797 
5.56970072494134 
5.656537815052203 
5.932991154477991 
5.983200773159125 
5.63553889483045 
5.933053594515234 
5.877368759564403 
5.685235098677615 
5.613099354003615 
5.832839616421044 
5.675667464443028 
5.811166605171819 
5.941366919616619 
5.706900436530509 
5.776907334567899 
5.710966776929312 
5.778821336870271 
5.778454642141253 
5.622191711494033 
5.82123528565113 
5.781816826212486 
5.775539456406493 
6.003139192071876 
5.6852430038896875 
5.920103307579506 
5.83254789415682 
5.7866672076480485 
6.07675374181909 
5.787998399600988 
5.924284384169024 
5.821539437974752 
5.67438141079319 
5.851154956896131 
5.8070635220713545 
5.7508691572265365 
5.730573091755982 
5.851922805503155 
5.629363571126487 
5.975308837328275 
5.93715393884659 
5.893726560548557 
5.838211284810625 
5.784155657220306 
5.790809009566499 
5.759594515812541 
5.816935928721546 
5.717342326594816 
5.903230336184429 
5.702441356521474 
5.847138625824851 
5.755614569687716 
5.977545200305526 
5.881872447668137 
5.772856983508348 
5.819783919550087 
5.746733218289237 
5.6963118404935065 
5.620815743191387 
5.860703959072662 
5.667172337132747 
5.742737066399355 
5.888284226925732 
5.927365378621314 
6.087539707450321 
5.829733136764528 
5.766919073865065 
5.902514002391796 
5.84841020057858 
5.833901968002271 
5.8866538405499975 
5.977552850540461 
5.962709778557714 
5.713695997770952 
5.873771580864398 
5.926473277418653 
5.831674393352987 
6.012169353891401 
5.972816620819202 
5.88336669865024 
5.5706050949992765 
5.845942669669142 
5.8312570135886 
6.118853159371186 
5.96190476714955 
5.792674672682923 
5.98109362708421 
6.215518709089984 
5.9124953226388755 
6.075115974084406 
5.864870914384519 
5.983297554096787 
5.890845039370597 
6.051018137013963 
6.240545716391008 
6.018343338602214 
6.314201000712125 
6.471451454386783 
6.110976965578447 
6.225869298873487 
6.130780362593894 
6.157394832341392 
6.304975857444362 
6.088271948754654 
5.966223144126141 
6.228326632164066 
6.222862308080767 
5.821121664535561 
6.296208687415153 
6.247547432825912 
6.234107137695808 
6.23290700108522 
6.069181835465839 
6.232619844159747 
6.032896473973789 
6.070792463770037 
6.042582452732675 
6.147516055716293 
6.209846528226434 
6.103100496518745 
6.202383400217292 
6.230657129960321 
5.940704326974425 
6.24106536047777 
6.208224148433138 
6.240366075779728 
5.950292028225075 
6.251891167183742 
6.145373026482774 
6.107360268042715 
6.372008552474411 
6.298989979795471 
6.1334169328327715 
6.118045357878087 
5.935556932718497 
6.212271249427723 
6.142835884439545 
6.1114154545576715 
6.2267301732623475 
6.3429839367627086 
6.016966630030192 
6.113557820213556 
6.2154165345227685 
6.349467001391987 
6.015437353733286 
6.022824170308324 
6.187859119948654 
6.138579069082355 
6.102460707897133 
6.205157046722706 
6.285910423418236 
6.2142631427925314 
6.405138511011922 
6.11691753920373 
6.289177368499427 
6.175591362026214 
6.273423905517349 
6.253493109640045 
5.900782558608636 
6.215300936099632 
6.1454816219785 
6.133729444920313 
6.140898249762478 
6.384401250356036 
6.36675120990601 
6.3025159026004225 
6.155685738586997 
6.115024484610926 
6.038245541028501 
6.29622133009089 
6.243223709439273 
6.228283921803465 
6.243481058700571 
6.126180938089411 
6.078382120628809 
6.027787162237725 
6.436138602223597 
6.170519279470627 
6.209519537990037 
6.412876765179451 
6.363767092367626 
6.229003993021523 
6.095192812538193 
6.411262051696138 
5.991374328012881 
6.317047607917799 
6.140071913060622 
5.939066307705543 
6.382520023059484 
5.8803610459676685 
6.118282241659239 
6.0078779628495464 
6.266938589550886 
6.040021816139335 
6.240814523288718 
5.997037724535516 
6.153102239374446 
6.138875698312996 
6.017998506261088 
5.879340720538703 
6.001920506497942 
6.081210611490835 
6.1447151840761265 
5.933419290447903 
6.333718577196686 
6.105267733791453 
6.35594063297451 
6.147686735304107 
5.890411914590589 
6.403360744884339 
6.166971745204945 
5.96443631092231 
6.075993423344225 
6.127176253884834 
6.191743667356012 
6.207948360116891 
6.400556357328956 
6.286914944827784 
6.230559848004823 
6.277398553777203 
6.034126927560332 
6.08685920746147 
5.965381252245963 
6.06402558533939 
6.059317677772842 
6.1317498829567345 
6.021449230233161 
6.472578918833763 
6.261464949818612 
6.266207516529624 
5.960029774460962 
6.25516344272945 
6.259618241878765 
6.127871622880865 
6.307545277626873 
6.254600779601395 
6.110851270584535 
6.332020162108803 
6.2314129533420095 
6.244185811614276 
6.374329018223012 
6.318229493271623 
5.99875879849006 
6.138829212531909 
6.120726899702577 
6.330064840661778 
6.266872614703884 
6.154713641070371 
6.1853396331954 
6.385322223621193 
6.208241520974862 
6.171243898896393 
6.254494966699004 
6.300285351650014 
6.061725525141928 
6.05394339631189 
6.203013959996188 
6.13508398331037 
6.252465408658429 
6.159365709439428 
6.269044264787722 
6.284592903719321 
6.164141995504046 
6.0517038479587475 
6.200518083488469 
6.28941185654502 
6.2395270762301305 
6.440406382354909 
6.1447315341456825 
6.119988324662655 
6.0111684846941875 
6.31770701154078 
6.413298000532559 
6.269980148092926 
5.99189644920145 
6.256377988151546 
6.249499979933961 
6.127376764185646 
6.139585556855447 
6.113498664309697 
6.102266857608195 
6.309858879192422 
6.111949848656376 
6.3734001452802165 
6.3368981277749015 
6.134081415198942 
6.140966364628053 
6.315701850543083 
6.12530972777754 
6.1913074324378465 
6.333480344793252 
6.306878556997831 
6.581343996450909 
6.2723244325656315 
6.266874900408472 
6.348543401856086 
6.180821335735606 
6.19146382166452 
6.076580979732163 
6.019686878536949 
6.297366730508888 
6.316069255379166 
6.173825687253038 
6.117238530592056 
6.176694375915711 
6.191644770291816 
5.9706160054259 
6.120434035554944 
6.0984014268284135 
5.914469241332855 
6.0806759078523935 
5.777707307982938 
6.038963161932679 
6.0855703118171585 
5.86449209154922 
5.999634051326926 
6.182007911668796 
6.115034434296292 
6.247605185912762 
6.154041623923642 
5.999955276180343 
5.9090989731949115 
6.028843270505767 
5.6759447907423874 
6.207572160801324 
5.862361993179168 
6.04640868991645 
6.001138900113606 
6.139654752291439 
6.07395459077976 
6.169677679253176 
5.96505730398128 
5.857804577990441 
5.947972406183645 
5.810816410434395 
5.929260698053957 
5.981252990889108 
5.702919794072566 
6.000769185533013 
5.795431916000833 
5.857862372397495 
5.7744129786957945 
5.9144503109368065 
6.0569956830080285 
6.014768296228793 
5.945704235215924 
5.954051253790756 
6.048393307477255 
5.830173275776285 
6.013105331291154 
5.9078054631573975 
5.849052864719346 
5.900540085378485 
6.165287192281812 
5.851138223464781 
5.911783022197048 
5.915811318653903 
5.917525519412232 
5.97082138930108 
5.998254865292843 
5.859453326484713 
5.771821413466335 
5.944654256106524 
5.874554478154188 
6.019224518213779 
5.862440380059952 
5.96545912940778 
5.761484713622348 
5.831534883301327 
5.887786175162438 
6.02057066849848 
6.061917409126713 
5.980399955063574 
5.983697559473161 
5.866090329832608 
5.912805024444561 
6.066898202610606 
5.919001687435953 
6.050632326017308 
5.820852983723018 
5.987750731383408 
5.997334318825166 
6.02285596748052 
5.840593460163166 
5.8845332921844955 
5.872408670932868 
5.987694435785847 
5.87523900638822 
6.012788611743981 
6.074993730855816 
5.641155408095127 
6.088507857214946 
5.921557616996564 
6.015734712507644 
6.251352143225664 
5.786619178244795 
5.8686823800958114 
5.886840493996213 
6.130571027561684 
6.0457540820476 
6.079776338236676 
5.886790080829415 
6.018416708257964 
6.104567231470814 
5.888670080819463 
5.8761518176486565 
5.945014297036808 
5.965748939320842 
5.962277732779504 
6.051927282617701 
6.007333440710745 
6.091707464081029 
6.101166041831464 
6.210825461995535 
5.890802300170516 
6.03471672121799 
6.0637397985210555 
6.024320282077674 
5.863923027884842 
6.0439768906821705 
5.790375525064957 
5.795276863883688 
6.063998609681945 
6.030809881593779 
6.081871334815784 
5.971666004613668 
6.114658097036936 
5.939832077025649 
6.0113034774928416 
6.006400057988562 
5.979309190172346 
6.096539575096488 
5.996466760678748 
5.9111751540220405 
6.016655522690895 
5.943378263386238 
5.579159787282426 
5.981198065041124 
5.964476208443626 
5.785921751969018 
6.154785251707961 
5.809861366110913 
5.927361358326231 
5.896607091101791 
5.983253892643194 
5.896534917348752 
6.117108285669177 
6.325718224139333 
6.080395578402153 
5.948127578836308 
6.084731547607337 
6.149110668718807 
6.312552237279254 
6.176527721817444 
6.1090744466760825 
6.357567618096245 
6.202213607859297 
6.159453086071987 
6.119580043637637 
6.099609025604864 
6.268931085700168 
6.12404854499864 
6.159793352090032 
6.135571923896652 
6.173541314199699 
6.263715860588268 
6.362051350488103 
6.104914541271918 
6.287117941225497 
5.984106850086906 
6.138814019328736 
6.08158348812082 
6.155308949608424 
6.133210385423552 
6.178459489734321 
5.928697032436304 
6.230831948878982 
6.303711725962716 
6.261431736722688 
6.1250957191985265 
6.116798027671486 
6.219820058977088 
6.398577502419436 
6.237272167878284 
6.238424520992932 
6.046772967420093 
6.181937337570271 
6.151442142870694 
6.475837605865252 
6.384770677059409 
6.273319016195409 
6.256767168369102 
6.287349695400253 
6.253468943444373 
6.519129618023224 
6.185605125106524 
6.343916645715127 
6.335360945220897 
6.338055497276959 
6.276285372074745 
6.1349253227241185 
6.147280497899994 
6.327739504852418 
6.221452440595813 
6.182174908337429 
6.254053267115523 
6.2428195933637785 
6.442630636069942 
6.500236156422447 
6.311517522231436 
6.270640791838728 
6.481629740676999 
6.3970611767044705 
6.095851934108379 
6.195840330931378 
6.366995262075551 
6.3034001461059 
6.303081401163782 
6.383707636507513 
6.313372833779043 
6.284858898538085 
6.427573979103013 
6.371811514221337 
6.385668534221835 
6.358114194768581 
6.463718831002216 
6.390180654089494 
6.507778964308169 
6.242022805513748 
6.519442312896839 
6.533558259601142 
6.3989837125611455 
6.4437996586457 
6.468098199419722 
6.4974715860189 
6.425125212733459 
6.2664431687031605 
6.245518146744191 
6.1680672937568355 
6.483955330647598 
6.284625758464204 
6.719826254829997 
6.623652391832176 
6.405478699955723 
6.602869495309395 
