# "MSD"
0.0 
0.5020487993365615 
0.7713545295633593 
0.8958227924777963 
0.9698450133241137 
1.0563087283383459 
1.3274185876665208 
1.1907900948630998 
1.2985827440690751 
1.449981554416567 
1.5929648354362864 
1.3493003676366215 
1.1692267805652634 
1.338938430310329 
1.6338195320453315 
1.5340148194925027 
1.7527018431580093 
1.7172380276556247 
1.7531612602305109 
1.8083256385460695 
1.7700492791959168 
1.69903204165126 
1.791656202667647 
2.1040294455302897 
2.0778919118380186 
2.099654119216356 
2.223183864397177 
2.4983958733716474 
2.374868232866124 
2.4034556802785874 
2.4049197072039092 
2.519939327982188 
2.3628666515197843 
2.4585835311049307 
2.431964037455676 
2.2912976756919083 
2.6301628967696793 
2.2803229632511766 
2.0917670045269183 
2.1476546514157584 
2.300455866262942 
2.186172766341406 
2.418306440780617 
2.367900651843712 
2.380019699346771 
2.432498615588012 
2.21935291899131 
2.2357536592791876 
2.2052691583554567 
2.2127373084041735 
2.415403585835535 
2.388970632015977 
2.3879549114530865 
2.4237535782721418 
2.4217624278432774 
2.590210823806285 
2.593096997891569 
2.598693160525095 
2.594885387893296 
2.603488004786826 
2.6030028456091743 
2.715214434332079 
2.8079415184289083 
2.8832713123736626 
2.928652832965135 
3.0145185178828258 
2.847983677616871 
3.0712747723950904 
2.9198456658922383 
3.0922602745101746 
3.027341171491503 
3.176290090692215 
3.208706718699468 
3.207024650311199 
3.56680133663909 
3.5442085927851403 
3.7403558474789134 
3.5625967300033543 
3.6093354569997502 
3.6499432750417804 
3.4422689233238097 
3.7151821098973823 
3.9309141326058 
3.8146041963042525 
3.7668528823019782 
3.6400569189623186 
3.622651675764866 
3.746769525844635 
4.046709877146094 
4.275293818830575 
4.393489555258393 
4.405696174047314 
4.379983972523957 
4.169139623404859 
4.015171614313067 
4.292905596471697 
4.287651434777197 
4.12381242675053 
4.087020543582419 
4.062303936531915 
4.04424546951076 
3.762050052088995 
4.001406948554673 
3.9149429565706373 
3.686419825752821 
3.3789902441358435 
3.6284096796807304 
3.497681327715525 
3.4810967918502342 
3.559348607164318 
3.5770013084081747 
3.493347537594021 
3.3015367401088684 
3.5185629978597897 
3.257595678958702 
3.4655031567139547 
3.6040612852122886 
3.5794048451684604 
3.541657737452986 
3.640620807444511 
3.3932064017923347 
3.479411498780912 
3.458995468863006 
3.3585697756542534 
3.551328895017803 
3.487661896575426 
3.505242935273351 
3.6324391923341004 
3.5719639523179767 
3.467184823517528 
3.5903924496065893 
3.4172537185271286 
3.622529353678995 
3.8763913218732986 
3.709147346423821 
3.7355957878017914 
3.712374842775901 
3.9452197090027075 
3.996866406713632 
4.055354234620786 
3.974598871669711 
4.023621338502636 
4.05320416422203 
3.982407710003407 
4.093220858001265 
4.0679814024291 
4.0142066848037965 
3.8376038168596285 
4.170929547017245 
4.0156965606646144 
4.041106618417433 
4.094507907070433 
3.81033171412428 
3.944106256983474 
3.9383169501368123 
3.901978544348745 
4.06966575923142 
3.8457045762626545 
3.8635851911736476 
3.6350504949669085 
3.671211425690204 
3.881667036487418 
3.929570472164227 
3.6917792594544316 
3.690879213910434 
3.9530732296428206 
3.911210961755639 
4.0241423276148565 
3.907113750732116 
4.039783832776836 
4.095786411302628 
3.830157326468086 
4.090527615180269 
4.295619532660324 
3.9405235626631527 
4.071055297968245 
4.189205073062718 
4.014719319249292 
4.106743915420994 
4.24153960404524 
4.359933682462281 
4.362034477479345 
4.3581569848008375 
4.252089396664084 
4.646584474815784 
4.487285646216608 
4.395262715099461 
4.481729362850028 
4.486972013509345 
4.618182825414246 
4.686421506550912 
4.5727598293636715 
4.687170515861955 
4.579860493249448 
4.750116394752498 
4.494355864219411 
4.632472817511175 
4.578020145309661 
4.27028012706571 
4.3183079429726865 
4.420261359845966 
4.489972450382906 
4.432259789308842 
4.565315292460402 
4.34779024566717 
4.788955919931938 
4.544598472195292 
4.383317824224668 
4.60693235227889 
4.3302139795723305 
4.178058481392092 
4.453807067797982 
4.319617660272659 
4.650823820606651 
4.78278778278883 
4.658071986663951 
4.671972911879002 
4.5815626199537745 
4.592228952901117 
4.642572937070326 
4.611290566594757 
4.5883384530843365 
4.822245812475635 
4.9065245951812555 
4.8675250859599055 
4.923363261119564 
5.050575542978146 
5.1827335531769965 
4.962230605713235 
5.134852766574742 
5.005699588980546 
4.94339778956572 
5.34835695118601 
5.1067696276235015 
5.376899498566513 
5.473738872192252 
5.411022777111982 
5.4289794300895835 
5.39951140354648 
5.504855678267675 
5.62905718773216 
5.508108679963643 
5.572254624202871 
5.548073109065673 
5.766642482736328 
5.552113887002886 
5.479183033921657 
5.587634910098866 
5.3551249791319515 
5.100254387317485 
5.036531035630041 
5.200228888778302 
5.317696121183508 
5.15559750062914 
5.252650442106132 
5.244275762562598 
5.242552345672033 
5.659423055594781 
5.293577355351513 
5.593608420328378 
5.773684736428106 
5.589103205092807 
5.3108183604721475 
5.5114643695156476 
5.302945289022555 
5.4139415668273045 
5.455561423512003 
5.483282373922744 
5.464861992453221 
5.32099462164375 
5.381912047007251 
5.577558695627479 
5.156577597795884 
5.2979792800402565 
5.475613897782343 
5.651738042310041 
5.767766736171167 
5.556155354208418 
5.642287149471715 
5.738170330233719 
5.852991884995759 
5.850062783872939 
5.937551802655174 
5.769651807381486 
5.594629391038754 
5.333981985404638 
5.730119151029601 
5.759388081070965 
5.775056201876913 
5.556813109376863 
5.847466802200422 
5.528286133306733 
5.755938218341754 
6.015822555454082 
6.077151966323682 
5.872422201838351 
6.301126137005767 
6.319535598317376 
6.579152453525206 
6.465077423706494 
6.528303485125786 
6.637412760832522 
6.861092350933071 
6.450610151224824 
6.465537033826073 
6.567975598813493 
6.708041526148664 
6.38275613162542 
6.445142447864105 
6.424525066480841 
6.36709451097117 
6.396496268934126 
6.471120435717933 
6.628931541871204 
6.4336470204002 
6.684805808028224 
6.670028609630363 
6.714791837188364 
6.735818705811659 
6.808274930486975 
6.578434663041493 
6.856926325306114 
6.590876036763253 
6.654144749317823 
6.706604189569285 
7.11053711259775 
6.740790210601197 
7.152251348991719 
6.9851490750303284 
6.9556848862039935 
6.754477810360515 
6.935609480795429 
6.7886555468706185 
6.930507102612895 
6.466134188117093 
6.92173793857281 
7.069889498195104 
7.059374026376914 
6.869099043292579 
7.328497630246959 
6.821275969113403 
6.867825217723246 
7.081062913566905 
7.243879577822666 
7.062184149089137 
7.390557799561177 
7.494974871054612 
7.312691041845708 
7.28777410638957 
7.407096724946989 
7.346865063752751 
7.164997145167388 
7.47375145926034 
7.133381746805577 
7.289028547250627 
7.572657663263406 
7.532030205894419 
7.450302982875742 
7.325336805009298 
7.8255502684954275 
7.969774267453416 
7.94829473908417 
8.053322380856889 
8.373737116876626 
8.30368733957699 
8.366335943787503 
8.18476349627978 
8.451968641356768 
8.214200393237588 
8.308571060219137 
8.435402612284587 
8.610778510407512 
8.646954173433404 
8.683139214122926 
8.584115244784494 
8.460331503417098 
8.461380406590893 
8.211280636314541 
8.778886066638925 
8.354351273229103 
8.35226918795136 
8.524611985362643 
8.262471960100722 
8.600372007080047 
8.915987773350336 
8.704358084274896 
8.449402232053421 
8.43230281904495 
8.689119391954625 
8.945647384461983 
8.995345361645294 
8.920475780836652 
8.968491021758988 
8.954573905576094 
8.618354600126352 
8.933912024355724 
8.556475552335339 
8.859296153668904 
9.126982249166675 
8.829081929409314 
9.016967769039809 
9.136371471677872 
9.120832495896478 
9.241551159218982 
9.711951476346204 
9.314819711966683 
9.438769951240761 
9.605864867751647 
9.293644638135204 
9.693350511342036 
9.516323981405783 
9.408899140179198 
9.38233469738289 
9.446607123699309 
9.499029883480302 
9.453196328508287 
9.287933019151119 
9.330824157140853 
9.637935127243873 
9.661583883498125 
9.540381926062071 
9.265178369354519 
9.845648168339942 
9.140638606342515 
9.452345773780273 
9.841913593464627 
10.04273083280915 
9.670747353065712 
9.64222788818912 
9.773288298856542 
10.144461011277897 
10.232355903853097 
10.033664846593135 
10.296783309698226 
10.001192189295837 
10.313491352047617 
10.326013226005944 
10.19079443751819 
10.019721330139104 
10.208800880819952 
10.493899747108678 
10.614809896799914 
10.473667601903655 
10.629077660848042 
10.609880430248738 
10.32005868716305 
10.74556208711781 
10.714613752112214 
10.919488364674047 
10.602590390304204 
10.502459786795344 
10.40130995537804 
10.134511674646008 
10.185614294528618 
10.200865437955816 
10.33060931304011 
10.312447416807933 
10.354290306743929 
10.608582436938752 
10.418660297795292 
10.332506118069345 
10.76516018968017 
10.604744868895972 
10.772902623409678 
10.760571471187522 
10.966422828765701 
11.004295691505902 
10.484898179653642 
10.654047675860966 
10.237486427335526 
10.736675804868499 
10.37876018463492 
10.467058125724082 
10.649635663416658 
10.957956920057367 
10.428290163231239 
10.751262714384401 
10.893035454859602 
10.951504924828887 
10.566287704960338 
10.508172836933113 
10.982322553753724 
10.681724021512926 
10.81961494107253 
10.608557878331538 
10.737000697294514 
10.873802644132397 
11.467770940130409 
11.260618451815802 
10.64723943934949 
10.671958538996645 
10.813898686350793 
11.126994597206108 
11.254692192589449 
11.113673231371015 
11.487943982983502 
11.031154015615689 
11.238950731766238 
11.091534787370565 
11.517561999257502 
11.59127253334994 
11.777902265276255 
12.13637204777513 
12.115201428937983 
12.26440547755002 
12.061148071953927 
12.610430069061348 
12.319339931714955 
12.736449819530552 
12.592676825563766 
12.416245415744212 
12.639280237129633 
12.320673802942773 
12.762182328157731 
13.1421881453332 
12.9517605497275 
12.529851256377695 
12.276674128779755 
12.596386316396035 
13.214858819226071 
13.258794024187175 
13.344769927542309 
13.162783553758358 
12.895316892675945 
13.027471483251816 
13.091615846823185 
13.005044382536601 
13.261509739815677 
13.183027485999697 
13.281483036957502 
13.092701254589349 
13.441996922966945 
13.782280467352152 
13.408999325802336 
13.210481631880228 
13.483094563412719 
13.20835952881974 
12.792988040971132 
12.844810321083036 
12.952796427489519 
13.069424165701136 
13.167146983912275 
12.88754747439353 
13.079474281992391 
13.29034216661849 
13.043378108346152 
13.41664076713007 
13.238937785275175 
13.516163307700662 
13.560456019855959 
13.380863350687598 
13.161419840051751 
12.904752788246643 
13.143953913111158 
13.23374025846941 
13.474920983973375 
13.080544867896858 
13.246052138074797 
13.437304612934547 
13.192355027178483 
13.06155613994994 
13.009913872367868 
13.098700960104784 
13.681384288770985 
12.919848899325743 
13.092133178650776 
13.491572195836913 
13.865004351804087 
13.752956324100335 
13.862412281191038 
13.519224889291786 
14.343140971443573 
14.10725108734505 
14.055873166304655 
14.016541550133676 
13.767628417568169 
13.907613513794963 
13.933484869570067 
13.705889669694345 
13.88230011949454 
13.904279859786708 
14.382329466601728 
13.669390695225196 
14.10339760239647 
14.34568995931046 
14.336498801360033 
14.45619977682368 
14.781840827621869 
14.638863075496698 
14.725565501447663 
14.607594436859543 
14.678879264091112 
14.629513617461456 
14.402765418838923 
14.658181333576858 
14.4553516491794 
14.490831124445899 
15.079127942330642 
15.205209562741418 
15.027432806396579 
15.042674935275649 
14.768250937918522 
14.715923926778785 
14.413831646002604 
14.378434230803547 
14.616193285648388 
14.327979784978105 
14.45923784922409 
14.72205429604725 
14.988944623907942 
14.884735066849066 
15.108706637480468 
15.448307715380034 
15.520294863197003 
15.3143288930534 
15.39128200150095 
15.62178658883355 
15.793193116460102 
15.576297666072875 
14.94593641174539 
14.93313403947767 
15.149997721820288 
15.174533836408166 
15.134818071006846 
15.008713524776407 
15.595865961315011 
15.749037157211372 
15.09428629137866 
15.130611890595286 
15.549513985651274 
15.512631472423395 
15.379553299051114 
15.028459442440294 
15.215087678037007 
15.486746682070153 
15.775912873461133 
15.974491465185558 
15.880115960485782 
15.811778871152633 
15.66726271040667 
15.333934072652664 
15.910689566115988 
15.646651101635841 
15.704803830667519 
15.823681763867894 
15.777989509546023 
15.653025352185564 
15.960376161989924 
15.337635289381804 
15.513434646371302 
15.609249640858753 
15.718547340069662 
15.891106257176368 
15.727375885165737 
15.95271162143036 
16.393732163893347 
15.823748403344034 
15.493719420465395 
15.981300545535518 
15.683483418598101 
15.720524274532481 
15.67828904196604 
15.920793930298132 
15.219044964249512 
15.243843425376228 
15.353947159548966 
15.415913751080208 
15.22390187916149 
15.221238431291734 
15.132514079423224 
15.647502315341141 
15.38519353375161 
15.145029263272068 
15.316181832012084 
15.21675190885406 
15.52885539058209 
15.515413872875012 
15.891164038477227 
15.664244405161291 
15.807789482682415 
15.594569357100848 
15.47557835293317 
15.994607136243891 
15.822092387978667 
15.698995102066121 
16.123383444381343 
16.273458674268028 
15.909016367155305 
15.934842093546107 
15.698416658098916 
16.155561725520663 
15.810453295743528 
15.889459025174354 
16.31644561540501 
15.749960914088895 
15.579552389110276 
15.842125614097473 
15.607952355771639 
16.139711118697605 
16.109459471504213 
16.098692593553395 
16.165583247388188 
16.514661785874154 
16.543370365184522 
16.232194140817636 
15.980117103472981 
16.06743649899741 
16.18005446616706 
16.006636381061263 
16.174785024112524 
16.19846739474466 
16.705348235028307 
16.429370925242402 
16.79087222511647 
16.295818229523867 
16.465004578938963 
16.287576805293885 
16.296946117085106 
15.903930587225526 
16.459729491888975 
16.270541066166203 
16.339017460411625 
16.54645106468717 
16.21178443612858 
16.2162995097424 
16.341272285806227 
16.292132538006378 
15.894995462189131 
16.21852003485569 
16.211679055317408 
16.552025741272768 
16.643683241600556 
16.14016943102402 
15.615436039387756 
16.153581621113208 
15.885906183316292 
15.611064390772917 
15.885845109264627 
15.874906586101664 
15.558184744751236 
15.57912876209262 
15.545017324653168 
15.939005025328226 
15.750086092257508 
16.00253672293562 
15.540684803472345 
15.410546393656993 
15.594876932006551 
16.137362315371327 
15.442289519017276 
16.073802315636286 
16.37097499741823 
16.16710118485102 
16.152129040251737 
16.11705783079397 
16.000386448947317 
15.882331369977791 
16.1729750272401 
16.52576317169468 
16.495838183700467 
16.6672358474546 
16.81445314815762 
16.56247828851505 
16.534611989303304 
16.317710631980162 
16.100395075707272 
16.646426743810398 
16.815418530551717 
16.786152685400136 
16.815005801604322 
16.53848755516584 
16.690721338492203 
16.756798434418325 
16.772250512724213 
16.82361683982248 
17.081990189704 
17.169254201175875 
17.239856620040808 
16.975083375626035 
17.17939246648947 
17.229005687944202 
17.158553322741763 
16.977283408319494 
17.308483676986526 
17.45790738111291 
17.27142563670291 
16.63832615843221 
17.296623482068433 
16.874324736191657 
17.02966463103536 
16.82261205185032 
16.96310774876578 
17.263294598289647 
17.10823346229772 
16.770834081820546 
16.81369639160949 
16.858398418035556 
16.94779737493215 
16.777207884700005 
16.80356532322169 
17.723456263708442 
17.08676244723131 
17.53489914043051 
17.10858787823239 
17.033355082951797 
17.025739929300556 
17.363119296817022 
17.038917835336807 
17.286171101070263 
17.788684030873867 
17.450667304686014 
17.145797629939313 
17.49094298118203 
17.226974202568154 
17.300338424136186 
17.142634990623034 
17.304000341127757 
17.34886994924422 
17.67699330198148 
17.271794764149103 
17.631647324942545 
17.384415287050132 
17.592954633859193 
17.508355549386415 
17.22411805616654 
17.352683766143215 
17.446009130151097 
17.677881693607453 
17.404807835362654 
17.447835671312152 
17.173082619517288 
17.382288688984534 
17.1531850697446 
17.222294897060717 
17.246866039977405 
17.114475069462507 
18.06119181862665 
17.516619642865468 
17.853199334898168 
17.74294907332901 
17.856529175504125 
17.797409261614234 
17.8583507424936 
17.763123306642484 
17.70864487196437 
18.049595828720612 
18.026004876032808 
17.766624428638163 
18.162634927732743 
18.221773438632965 
18.16721825654187 
17.4635604583099 
17.70125535771816 
18.010162289208008 
18.249803178548934 
18.245118951510786 
18.379300869251736 
18.36132281629234 
17.993664029722623 
18.38624266351673 
18.896153897336724 
18.963833143328415 
18.75693193075132 
18.76024213636398 
19.205184060430224 
19.728767512815246 
19.34403108380878 
18.8912659417354 
18.66828462288021 
19.47241116342769 
19.011710947026142 
18.706406319653148 
18.715947259113793 
18.411804497108818 
18.843400352343544 
18.62499691596243 
18.340228430277453 
18.429293922255386 
18.411012543524034 
18.968605434495256 
18.837703484940114 
18.45213094062007 
18.8723460259206 
18.988505631844227 
19.30463111828176 
18.677704050994226 
18.91329948166026 
19.448131678911096 
19.62972384938909 
18.756661936491067 
19.09748207937794 
19.236405585650537 
19.386322170005208 
19.14584321025405 
18.992057038253943 
19.1768385973038 
19.568862079981322 
19.562464161827094 
19.52988590696262 
19.8055348712823 
20.021050460021367 
20.223491893545983 
20.414518152308453 
20.076178425106182 
20.19012267782736 
19.96098192287396 
20.238563528315627 
19.9180327600063 
20.046195094653154 
20.184201342336316 
19.772409320849466 
20.049345070866075 
20.7501361884217 
20.397004186632802 
20.42793609201983 
20.173752733162413 
19.79548637522234 
20.554308811208006 
20.324498408281254 
20.65439969502964 
20.39978916330198 
19.983948126384544 
20.29973819669043 
20.063343827140443 
20.396369855249368 
20.651346553548223 
20.76607886808198 
20.849676675022305 
20.64172501940746 
20.594215165034722 
20.356052500809678 
20.680676383947194 
20.486988931712336 
20.434568107768676 
20.265894763800564 
20.200399701559075 
20.298882597247758 
20.96209630116724 
20.69201745252298 
21.13876628521004 
20.17832663240526 
20.679984115321957 
20.534136350844022 
20.940133206632808 
20.886817539603886 
20.856464611773603 
20.810789679723978 
20.669379286541762 
21.03801540349259 
20.698668846396288 
20.627785655387825 
21.02087679233699 
20.511414619894666 
20.852850909263534 
20.787198614567668 
21.010287228864975 
20.92618595382093 
21.298682859072443 
20.477041677692785 
21.134723802050818 
21.164573150285044 
20.716588412200668 
20.181162182871944 
20.563967252276832 
20.717563450029566 
20.79580567727528 
20.801409034857716 
20.69227231725349 
20.887503432059592 
20.930582897307726 
20.834119741380817 
20.450254150301472 
21.450231865284678 
21.222421880584477 
20.879589945361175 
20.921289397896288 
21.40648679864136 
21.377412495329555 
21.154373643907576 
21.81664559858698 
21.022211053191903 
20.870230264345796 
21.00913436431052 
21.231473337428753 
20.90034197179942 
20.460992249643066 
21.1619167239254 
21.534730983201303 
21.246122693953513 
21.727349790311067 
21.3434373156965 
21.22131018072795 
21.16373898300621 
21.074366229621482 
21.290413393857975 
21.489222070274575 
21.34137885777029 
21.54490672928974 
21.870848918092406 
21.292128140157264 
21.69626828479019 
21.52119414996169 
21.582560044389872 
21.19978320544682 
21.335788731415555 
21.062205842112647 
20.91030332488996 
21.181066563510313 
20.865609138106592 
21.68582614474176 
21.298271684708283 
21.33286403019816 
21.603834303945987 
21.72017749840882 
21.755340059974653 
21.700588666786558 
21.637063777261222 
21.621784184028563 
21.547858082385716 
21.595690642265364 
22.02063174591362 
22.462879934090356 
21.932797984898144 
22.32260736150192 
21.973884188315242 
22.461073829397805 
22.35817556504324 
22.050241582462142 
22.45763525261484 
21.967579657843853 
22.46334249072064 
22.66274544001592 
22.548814122639126 
22.250506847888886 
22.23124590252354 
22.16187600853504 
22.013045994651748 
22.00861869451628 
22.23547598067863 
21.47927845513401 
21.549541549013444 
21.705787723072355 
21.76223199887797 
21.532690616977426 
22.180560913780337 
22.404567618937136 
22.17892904794945 
21.56192733122462 
21.4056258607682 
21.591446991292134 
22.071741712172738 
22.094631494126006 
21.920801351132035 
22.201712253774893 
21.990044740979382 
22.061210808025574 
22.05781106553009 
21.918571222156622 
21.224967690052928 
21.315787610989137 
21.728658616951535 
21.94924080753019 
22.085033980501755 
21.961575473300627 
22.41389770170709 
21.923343499798218 
22.129803564710915 
21.92869088143894 
23.16143266469092 
22.629869441494467 
22.581411618261953 
22.990114218489953 
22.590174530706175 
21.883886332298008 
22.403431417780823 
22.278447407955753 
22.234351728016083 
22.435635279695763 
21.898077493265394 
23.0086033932853 
22.608951950907628 
22.361346648355227 
21.752572370327712 
22.80834142599504 
23.013904689369024 
23.1210167242444 
22.517523060978053 
21.90863397082874 
22.45111355934986 
23.296176919518718 
22.979934068354993 
22.741233330771337 
23.150459224825713 
22.34954576354675 
22.97426444887767 
22.728674296684854 
22.867644222727456 
22.903059866766352 
22.30474828591734 
22.834213428509738 
22.946571422489622 
22.796249636623234 
22.79392329196022 
22.31593477670739 
22.88961794972454 
22.285253747022782 
22.12698647955719 
22.534529348419632 
22.593991646791604 
22.705687339613032 
22.841585732534902 
22.844951470093566 
23.177894086274424 
22.927119039531544 
22.763769555920454 
23.0711619747379 
23.22233460183903 
23.2324102891034 
22.751750432452962 
22.917601726271513 
23.093450694931153 
22.908156929292645 
22.56716636900903 
23.058498886831522 
22.86517956079565 
23.00420230456998 
23.445817348245026 
23.210998953901854 
22.921433435010144 
23.224989702415147 
23.197137766319713 
22.91591625887715 
22.72127965151443 
22.898096416399746 
22.9514491448738 
23.33443828381089 
23.024387321158574 
23.73128151622233 
22.978916882219284 
23.298044574594087 
23.124069011375436 
23.293050070689873 
23.285203059731657 
23.249818774039994 
23.363861845003797 
23.381017046969554 
23.805515572115187 
23.640244489586113 
23.01373878795795 
23.101473733545753 
23.357366069371565 
23.049852512430682 
22.829985374142584 
23.148905603565566 
22.98484981488306 
23.375485769933885 
23.69121657101553 
22.99727075936792 
23.018434544388725 
23.10547589110616 
23.35267746990826 
23.38037608433497 
23.146307189082766 
23.653677360810494 
23.34976584022338 
24.118819243073887 
23.425836341746034 
24.050808926068555 
24.71898824587184 
23.917955763462654 
23.932968208516446 
24.31932131349293 
23.89928788360556 
23.627875317992665 
22.90422683172646 
23.382705583499593 
23.07540460021055 
22.969748377349163 
22.87174515104068 
23.422738018869556 
23.294716802317343 
23.123072989148667 
23.17779925687342 
23.176233386536225 
23.38058624984764 
23.524810817169715 
23.55861679588571 
23.440479184335306 
23.301420731924356 
23.34535339323028 
23.138887879312065 
22.985030086146654 
24.081858563330293 
23.838951709926423 
24.093925000146022 
24.012306545723483 
24.219970988825164 
24.51569804495185 
23.657753150149386 
23.341337245062725 
23.97719034814824 
23.67335171536523 
23.846432244031746 
23.456524516162624 
23.70246448061358 
24.432595954763894 
23.8231231556773 
24.267866775746086 
24.003824552841092 
23.56209597780212 
23.76538678182852 
23.968712324638666 
23.47101700991891 
24.078667794903836 
23.75131711431547 
23.653542676559795 
23.975494707610878 
24.562713689804454 
24.61270678799511 
24.286926428716825 
24.814890259626175 
24.653035378979734 
24.90985312153319 
25.04781963813632 
24.79691594783514 
25.159386924182762 
25.12436466413003 
25.45548707275032 
25.63162301795514 
25.4478115680049 
25.41365819781335 
25.319366360350525 
25.156678101872284 
25.37219415583448 
25.12136292748935 
24.91543820966256 
25.029127387676603 
25.066389613636293 
25.149459211223785 
25.218488103119867 
25.57913540270485 
25.78662969665846 
26.03049549986805 
25.58365986053423 
25.42276841773566 
25.27645863159976 
25.26858354780749 
25.517101389676007 
25.96511038010658 
25.807165237720426 
25.584548829659767 
25.898125438951784 
26.19706313635828 
26.44705623783048 
26.185402066891015 
26.090083515998213 
26.030592219531105 
26.2809030853292 
26.16533505675724 
26.157699212230337 
26.021669578994807 
26.034004049133195 
25.937257188303594 
26.07843606058065 
26.065114642078946 
26.03697961139876 
26.086861401802775 
25.67744783227146 
25.8524743363415 
26.287921912433404 
26.051456091966124 
26.169792062432606 
26.247536281802674 
26.10166233913892 
26.465118518408914 
26.663436721087663 
26.311715152932493 
26.154153644822454 
25.927349459023592 
25.865324932524725 
26.378300215788876 
26.401160407227888 
26.93698250055374 
26.400147883504285 
26.691152261783827 
26.633172707619632 
26.461053420458118 
26.404562264185657 
26.176803749697047 
26.357654978064872 
25.986555606926252 
26.102093502790215 
25.919469103312068 
26.408289534263357 
25.84909973039514 
26.09066646089031 
25.306665388522777 
25.849973636306366 
25.960861122231805 
25.57033104573468 
26.07803360280832 
26.267740881643423 
25.82857850834145 
26.01473755289655 
26.1397886552504 
25.93607397082961 
26.166285733493275 
25.845824835765683 
25.83646393861509 
26.337910010428857 
26.98267674896131 
26.764371121109964 
26.81390449003759 
26.35027686817949 
26.87577620921972 
26.68508279189484 
26.27440987117152 
26.43370075568928 
26.151104189888464 
26.134809068584726 
25.942395901879017 
25.929517731835094 
26.869568489186495 
26.09127918037542 
25.991278281522188 
26.282102343855982 
26.192288709325634 
26.0679105938685 
26.66996230438872 
26.52847685369871 
26.602308809136822 
26.71704036896587 
26.218743632516073 
26.72912407466246 
26.456820769505043 
26.497472642125903 
26.599927604209576 
26.808098475866387 
26.63846929448996 
26.976185995534646 
26.60741885837208 
26.75606440179781 
26.441109214654855 
26.803792375928513 
26.559204430014052 
27.306940801660783 
26.79020565614314 
27.11007759367563 
27.1978935263141 
27.22254204892784 
27.708891931019842 
27.408991739569153 
26.998967280294035 
26.941879676475054 
27.212123494710024 
27.19753733482576 
27.415415309337778 
27.54689770952897 
27.48394677816819 
27.40568784516853 
27.376465189756896 
27.67572147000178 
27.40557288267699 
27.517091042711826 
27.06764367293109 
27.33397410729846 
27.85460261381703 
26.915802784139288 
27.565783218737952 
27.06026138784048 
27.237335750299103 
27.566771482358103 
27.511590795777806 
27.039631180030398 
27.65518663448964 
27.68343728195341 
27.776005003566112 
27.634540983320715 
27.93124869629394 
28.20498012391363 
28.453810841736278 
28.116408107706754 
28.262561501758682 
27.66207386469088 
27.938976143752416 
28.35791546334852 
27.841624513374065 
27.54348610796811 
27.780033523158426 
28.05071032393485 
27.70621040813333 
28.28202800363277 
28.17829889174426 
27.87869894660401 
28.208932589270354 
28.2293822482413 
28.291722064005437 
28.191372115937643 
28.80363190849051 
28.431605064382442 
28.39587306877927 
28.72771380044938 
28.96808876538721 
28.7026402950668 
29.23536548150981 
29.51680103945861 
29.10868173252964 
29.5287298547342 
29.290135517822097 
28.594723401529638 
28.875545045939667 
28.97308335969459 
28.641163772676364 
29.111470316114083 
28.58379101762264 
28.486665993707565 
28.657969566339343 
29.193233697210523 
29.413309639389634 
29.22854639509097 
29.195181400645115 
29.340475734887193 
28.64175059650276 
28.732637200269824 
29.62654637841414 
29.896871817577924 
30.22697759157342 
29.920757861233707 
30.472416941402457 
29.982171339951844 
30.20083751918603 
30.003917128017612 
29.999294923718566 
30.26536798294259 
30.098011638328764 
30.239187452639356 
30.31390405866003 
30.457624538646 
30.63035108100746 
30.300944060700015 
30.151828002007218 
30.48348423103235 
30.313033211791254 
30.43095672194827 
31.155538272001937 
31.235265967195133 
30.715584096184056 
31.82524733643175 
31.668329225999607 
31.720888881205074 
32.01469958033903 
31.343895600466233 
31.086481187751495 
31.826727096535212 
31.560785208817286 
31.65254612164543 
32.114590202298906 
31.284064023115395 
30.23108780634948 
30.455036502213353 
30.646476668256437 
30.394107287882115 
30.15704026452506 
30.672228221176777 
30.211103242071907 
30.144066047871533 
30.174546522868035 
30.316964329269293 
30.099686245024078 
30.57456461962895 
30.654883044417375 
31.257271707957415 
31.26185093314378 
30.224330366627008 
30.809316268773934 
29.9009151531147 
30.01312488373358 
30.453461835999793 
30.011299683464753 
30.41466737611228 
30.38876469220665 
30.86816924413312 
30.756251748314284 
30.741643593199555 
30.205365474442903 
30.369024896721317 
29.885309014034032 
30.24466235968232 
29.86036201367919 
30.14880106513184 
29.70990087853569 
30.884111419994944 
30.701156899867435 
31.193637182796223 
31.08000036877257 
30.861701537380373 
31.247423310423194 
30.403774512913273 
31.027183451395558 
31.352030517724323 
30.581647317338252 
30.396563072461685 
30.83186162812558 
30.918299970488533 
31.48217245767316 
31.069028781349957 
31.252160863932446 
30.92758972313955 
30.906237445343148 
30.639968035623248 
30.39216727222112 
29.938821535839647 
30.853447655817316 
31.20314778588523 
30.541470195711447 
30.947080995621217 
30.498436182937052 
30.795020438717557 
31.520825289982447 
31.51574887901229 
31.80605563508235 
31.63699686102356 
31.80925933413492 
31.167928915753297 
31.762273352822277 
31.68766584182598 
31.057112829505165 
31.528224098720383 
31.821077352016808 
31.395009531947743 
31.42866429858521 
31.878508072749273 
31.8035376968343 
31.718698740230614 
32.12516558039864 
31.751261846114147 
31.698597381052476 
31.80800721718011 
31.731824741528477 
32.382228106584144 
32.06551421439929 
32.58666291194697 
32.600709272329325 
32.05777835858336 
32.363094872740035 
32.31818639750256 
32.405649188845665 
32.779289038859616 
32.22138752834189 
31.998669463579827 
31.884700587847426 
31.996196597156086 
31.594237885524027 
31.60308130150996 
31.358093198890977 
31.788573649231488 
32.00706076199096 
31.542448513740617 
31.371925931591857 
31.303889198114764 
31.405116187007106 
31.38809641083516 
31.299755865744334 
31.825034350008643 
31.252279501730293 
31.826346795281925 
31.330837994537568 
31.740471570888197 
31.387869689392666 
31.729971640445136 
31.770550552142275 
31.321967530356428 
32.00209138307718 
32.013931619983424 
31.571023898271186 
31.73470807205078 
31.188467940083214 
31.714814887351803 
31.481439409022855 
31.271614419417205 
31.79870580067423 
31.697181427251213 
32.188111075814895 
32.09526200014201 
31.891658791117813 
32.06161607087965 
31.308902271381445 
31.490911897039958 
31.420678478850498 
30.78664817465051 
31.198842397149786 
31.226355785254917 
31.912203374746884 
31.679133664967374 
31.936939171894778 
31.699565959826455 
32.17762614649425 
32.09524822827553 
31.517420506540233 
31.32133103975454 
31.023005126880246 
31.76121848635765 
31.953374711380025 
31.983821595762805 
31.984600575873614 
32.18074201197808 
31.57231483550209 
31.91941149996601 
31.113727464546454 
31.59382829236325 
31.816325658835172 
32.22048984021485 
32.34086599462756 
32.77138361528358 
32.72808643794363 
32.59091237340675 
31.7062954749703 
32.56967177879959 
32.17909556719752 
32.62812751904211 
32.18118754453985 
32.64716859517868 
32.541659213714915 
32.57318594886037 
32.32353285504825 
32.561365504593894 
32.333287991903944 
32.882836981032085 
32.73062606792943 
32.31803448630239 
32.662069769514545 
32.55598359231872 
33.316209842219365 
33.040258641258276 
33.06044217058038 
33.32040036303444 
33.3919126824652 
33.16990851218957 
33.061144882605284 
33.05830585946843 
33.21018796799626 
32.86330167531977 
33.12631861941142 
32.915949662119466 
33.21449039589478 
33.57036941245047 
33.66728845533221 
32.54690964313187 
33.05034494664558 
33.15460317248536 
33.06607722080679 
32.84066293780044 
33.20955161813607 
33.485084337496424 
33.530152645832594 
33.643444072337736 
33.377148303289935 
33.47567195394384 
33.954924536557094 
33.093294960972614 
33.89345934864947 
33.51827170882055 
33.54606661822487 
33.62432368875799 
33.45237062174518 
33.77836935267471 
33.61136706162347 
33.695792729231044 
34.267005960743184 
34.383663790584734 
34.60844747103309 
34.4998005742511 
34.04412800477637 
34.66769181241007 
33.90433501159163 
33.68703543986389 
33.02997039632293 
33.35428443842484 
33.67216627237682 
34.09763121884725 
33.61756993979208 
33.847782972614006 
33.407499774403774 
34.002361041462784 
33.63943318279253 
33.37647895675845 
33.5353313713517 
34.0863671154728 
33.76107837872252 
33.71518386779431 
33.75082889377501 
33.53607435823174 
34.178176362303525 
33.52447376364139 
33.17422064199818 
33.5650326191938 
33.25671313538768 
33.453590448118426 
32.94395010312773 
33.43739246985737 
33.75332231270035 
33.0217229058528 
33.81361420057525 
33.34212446674862 
33.94591616150333 
33.188256637328834 
33.641033062831305 
33.47188942391219 
33.93869779582245 
33.82141871422078 
33.513008907496065 
33.41852459937042 
32.972700049436874 
33.22944872802274 
33.05324669407824 
32.69882985326431 
33.21844193040862 
32.839125601698946 
32.67721221968693 
32.80517375265786 
33.53776112311049 
33.72794581700523 
33.20438801786499 
33.16792710343572 
32.978203566229375 
33.6121304982086 
33.50083837235122 
33.4519902534413 
32.76375723643917 
33.153192322524696 
33.549029774214254 
33.16455343767308 
32.904492135580334 
32.566851163047815 
32.49725550874248 
33.243529997222076 
33.17362310013911 
32.90734748760139 
33.01442707774862 
33.149820229542954 
32.921783710499525 
32.99353681689239 
33.05305839200348 
33.09238181601166 
33.515565955281424 
33.63603634999987 
34.01612599464872 
34.12202804410176 
34.03164973178685 
33.6056430052257 
34.21978213722111 
34.45147793465109 
34.17026090121485 
34.041447332496396 
34.30596545412544 
34.37268564908173 
34.25483311345991 
34.84640211133478 
34.85824426669131 
34.599299110234206 
34.74608207866835 
34.23888018874839 
34.812831266193626 
34.12609051647773 
35.48017711501325 
35.07899661289844 
35.33146326485677 
34.44182697251836 
34.87860053794924 
35.22287657315302 
34.83728624265434 
35.271955216171456 
34.795108074958385 
35.3726588075262 
36.16640547937055 
36.010647433514976 
35.3698769332679 
34.66552275872715 
34.607516465428326 
35.1290404607083 
35.01398761847984 
36.12441392602607 
35.56244517309664 
35.75974045938347 
35.295629544188245 
35.185147833103265 
34.97312416434994 
35.05522659246817 
34.69281620270911 
34.84296583880945 
34.70391866932911 
34.667214933506024 
34.71115861049384 
34.8549187539094 
34.01689227844349 
34.206501322407895 
34.02126142601357 
33.477667343801706 
33.61324131473652 
34.5539114408261 
34.75124621981688 
34.57216035927217 
34.56150199242835 
33.978170151694734 
34.030171853223635 
34.049391255390006 
34.32708436062935 
34.67978830619582 
35.2088666909257 
34.33492091968718 
34.438418229029836 
34.48934540586032 
34.56702082526404 
34.576258111509055 
34.75593447264147 
34.72057663511342 
34.73421699911725 
34.78908610526686 
34.91496053617543 
34.52733741954257 
34.41087408407206 
34.2834938517035 
34.25212229709811 
34.40633010323299 
34.923996754409046 
34.70000495201209 
34.73897904234485 
34.64282286954802 
35.139821715847425 
34.8455463948904 
34.67422582059263 
34.72979265749888 
35.01503214087089 
34.374365095243 
34.6988193474517 
34.35156809179592 
34.26732528775409 
34.921252096999176 
34.589939789601104 
34.31471513554944 
34.05184483454285 
34.64111779074178 
34.77206815129778 
34.89848661775346 
34.97768009202752 
34.6573618231339 
34.94040614997903 
35.10080444842586 
34.4545738420403 
34.565989565465344 
34.970080923801724 
34.39631037343931 
34.617718160748524 
34.53873464325911 
34.27508791426954 
34.97218352920498 
34.49255855004912 
34.708182718424844 
34.14823919697223 
34.23976482287764 
35.17356461162202 
34.965669204561074 
34.76103559228301 
34.93704408416971 
34.9258577328305 
35.06087936822812 
35.12206082467351 
34.81751492647055 
34.59340790463211 
35.019900585734526 
34.70611206194952 
34.88634530915771 
35.05931426126036 
34.674342777495504 
34.79905690554031 
35.330858820067135 
34.94073478010455 
34.94332511839319 
34.737886052021985 
34.987142814874915 
34.89767212664729 
34.67929589294455 
35.00450324545406 
35.22330701529116 
35.045778268816186 
34.72028918996142 
34.70961059000663 
35.23699321912513 
34.45167890121958 
35.06101065874336 
34.760799894153436 
34.54118836635983 
34.761589631222705 
34.71821319967168 
35.09471611697089 
34.80746305450223 
35.34069218640371 
35.21043044767434 
34.61399113005234 
35.27620873903479 
35.432090571295944 
35.86561305604997 
36.204627457381214 
35.789922231369566 
35.78772496625125 
35.49624748445883 
35.12904997949146 
35.64120609434323 
35.073748945791976 
36.03353938042761 
35.74182457131207 
35.4596455861468 
36.019865240779176 
35.665895921105424 
35.46234910536523 
35.768158714558204 
35.664184360975526 
35.803525551298506 
35.85570740982951 
35.8328312490519 
36.43575641411842 
36.27987639870568 
36.201255835700444 
36.376122110645746 
36.983244476455305 
36.0747016407074 
36.233660288036376 
36.32139465414565 
35.88465590363975 
35.98230093249016 
35.91668920163118 
35.592023064953196 
35.672550716010335 
36.37568950846665 
35.82349106495781 
35.82150586698837 
35.90191597465999 
35.26054836735246 
35.77320764759872 
36.36529915120883 
36.68867077542083 
36.75497524418098 
37.13985128276683 
37.870585207645775 
36.92354284708764 
37.57311699836235 
37.2006825232692 
36.63463060427513 
36.691081038279606 
36.77809758874643 
36.79171750160863 
36.682512065828675 
36.888162599179 
36.69664456407051 
36.767933900756375 
36.713297012177875 
36.70041744952161 
36.867890542750125 
36.821233277210894 
36.74481781055918 
36.63668075175098 
37.3586239008641 
36.909299894237414 
37.21531487629909 
36.80606477342371 
36.98522824514665 
37.83636433877433 
37.46484469349021 
36.7085809583123 
37.500104208404125 
38.09859925620582 
36.8471335668805 
37.548538978423714 
36.96564090576835 
36.644707608876104 
36.584578921927736 
36.58078334418946 
36.98326105095636 
37.170046848723935 
36.60917841792051 
36.54614627865047 
37.2907748042952 
36.83524635461002 
37.24347911189256 
37.05147181627912 
36.87956800308796 
37.08329210454502 
36.901411790850005 
36.86005823204954 
36.63465370676442 
37.4095269359478 
37.25564961260593 
36.722159964158955 
37.05750101969044 
36.87421448067381 
36.369902275845355 
36.22195142355737 
36.4430504043721 
36.52195023035573 
36.97595549847598 
36.984632430964695 
36.8983067816663 
36.536248180106114 
36.977769648568014 
37.02505100226622 
36.12796234095287 
36.30295029339813 
36.1260686664273 
36.47755448873801 
37.066034148536644 
37.649280038119734 
37.1836213329511 
37.36272601235299 
36.745674749235015 
37.84492113787938 
37.124490062122796 
36.65201917070611 
37.399736334196405 
37.66571721365975 
38.01918960986139 
37.859401022359094 
37.415321967744546 
37.57993606652276 
37.443337270267236 
37.11635274318976 
37.13734636200078 
37.49641229234288 
38.16747522590578 
37.68431684859553 
38.01146014258351 
37.85750129354573 
37.9042500239554 
37.68178524319867 
37.40923202483139 
37.637379231545424 
37.4624597410424 
37.39126806396729 
37.428435419858445 
37.098582184914974 
37.032866474049506 
37.614616345915884 
36.76525213835129 
37.088731278770354 
37.13641850410668 
36.95928050770623 
37.038855361119076 
36.85907076634936 
36.52772921140448 
37.33624221742682 
36.87087614090969 
37.00495851974177 
36.99220078193373 
36.88957077039983 
37.36974032638798 
37.11168123977308 
37.584187879990985 
37.27139868053802 
37.26575582795924 
36.75476050014016 
37.13154023523976 
37.06322020206295 
36.7487098067713 
37.511193860315124 
37.11641428181674 
36.85452827821343 
36.99840752444173 
37.47088447326417 
36.579704589023095 
37.37810701148317 
37.112882972594 
37.098885646127805 
37.159770278760284 
36.91118441980396 
36.57450411533873 
37.28867425825813 
37.25457271332099 
37.469988710472855 
37.325442036535684 
36.95322542958732 
36.304158307211075 
37.48225018380801 
37.01111930773239 
36.85058594028595 
37.11769888397695 
36.98350604547205 
37.125826394068746 
37.028779586567346 
37.58850658061577 
36.33303718101229 
36.94883778243167 
37.04199265282218 
37.31400433248248 
37.365396295826436 
36.94980855507385 
36.937983223117804 
37.45357066335181 
36.6633845642216 
36.45651438212227 
36.00957392017614 
36.43499683574901 
36.79041186994082 
36.092315460932575 
36.303243403062346 
36.290165175727005 
36.2070182636059 
36.14167819156889 
36.28671641277012 
35.93304080277666 
36.016344855167915 
36.499894553181704 
35.82841706015035 
36.971754567097335 
37.12248825547702 
36.699963929639125 
37.47524193310623 
37.5083352681472 
37.02433019527901 
37.2654969344041 
36.98135964465678 
37.33201441458501 
36.93799044005094 
36.98815030818526 
36.54707873468968 
36.86487544377332 
36.57266225559545 
37.11682825413767 
36.98883833690721 
36.742295830393324 
36.733066603237994 
37.709161402470244 
37.45308665015585 
37.41523971342335 
36.998207421678764 
37.330892556482546 
37.12257178552034 
37.37310900458141 
37.97867761471881 
36.98245825697615 
37.3307609420001 
37.5654675479326 
37.63685602124007 
36.874885626380305 
37.78545825680632 
37.8478795684235 
37.6768538160489 
38.077015446593826 
37.26331195486304 
37.60528142181846 
37.36482847989638 
37.384872135525804 
37.62628933016325 
36.66841120664884 
38.0156604477739 
38.14272139822166 
38.58562553437961 
37.82687788233898 
38.12592355466366 
37.34020374508113 
36.81893374690527 
37.59403083536393 
37.42748430444685 
38.045584936715144 
37.962125129853284 
37.881136868771065 
38.15968875702011 
38.180402891862244 
37.32398749600024 
38.322993678957936 
37.8419033600712 
38.11238125102583 
38.47982718129409 
37.79130872764293 
37.8968983133909 
38.21078249598223 
38.29507845763128 
37.75338966380736 
37.97589936279468 
38.08433244837361 
38.58640108827147 
38.20910135245038 
38.44906446156553 
38.22754402497206 
38.05724758703235 
37.70467381369509 
37.7552204189405 
38.7426056356725 
38.45388329929112 
37.921430997291 
