# "MSD"
0.0 
0.3220895112668729 
0.48645463487116014 
0.4734500859774548 
0.5819014283569207 
0.5427776252518705 
0.7080694036780171 
0.7062716856484248 
0.6667006626030119 
0.7215532858728774 
0.7861725496034067 
0.8628539286723269 
0.8842188273453647 
0.8953396300393944 
0.9078044843376967 
0.9270176930419369 
1.002643132756393 
1.0386906625667758 
1.075816093663694 
1.0511584418349582 
1.0384624765948847 
1.0380971547664064 
0.975521690377145 
0.904942460572974 
0.9170155981859328 
0.8726416249084327 
0.8831986167667978 
0.8995567344545735 
0.8839343620519645 
0.9273676714125618 
0.8282619442271304 
0.7987327993888995 
0.9115233714359985 
0.9959507017815613 
0.9371386933406975 
0.9750201109991484 
0.9539899741239682 
1.0172221948620046 
0.9460601326552535 
1.0209721750202283 
0.981070006190281 
1.036202775412134 
0.9933012711934152 
1.0245639041846335 
0.9861459876365838 
1.0035139260536439 
0.9330530504873267 
0.9643234397095829 
1.0519260445374807 
1.0339400502882072 
0.9293271471739187 
1.0637759219792022 
0.971447523795437 
1.012221287445642 
1.1287308259492501 
0.9924584569222031 
1.0680795159795258 
0.9891434763380542 
1.0624294922034125 
1.0509335509888735 
1.109153938013595 
1.2913751108329383 
1.3504566533972497 
1.1941200232830946 
1.2079289145087668 
1.1783986814513159 
1.174510784926418 
1.2318758369670109 
1.2276369686467372 
1.1875037123388086 
1.182562518624973 
1.2446485652956758 
1.090213607885313 
1.2010707576686475 
1.1406974543916126 
1.1810748037010277 
1.1063664729521117 
1.1036983930396806 
1.25887409530533 
1.1884458239830986 
1.2449535980389517 
1.2103028323941591 
1.0879538481658895 
1.1077944538278055 
1.1895538091261457 
1.1842245543862726 
1.1801087408571473 
1.2256018908076547 
1.2012743745840861 
1.1920986021143722 
1.2011255854421896 
1.0836747738765533 
1.228628366288165 
1.4333731253054165 
1.3687189793911827 
1.2577983337175018 
1.159433734002628 
1.2383035174290822 
1.257496535610044 
1.180702305447814 
1.2901337063156237 
1.1611577968236104 
1.183366874856311 
1.2029674212794779 
1.1920892135329235 
1.1767285711933644 
1.216451218621961 
1.3139467381492007 
1.1749987303503546 
1.0856889254933557 
1.1857479628464365 
1.2868297770873962 
1.1923936999804237 
1.219428246802776 
1.1492517546164207 
1.1815469133905663 
1.1127272501179224 
1.112202412845193 
1.1141568077922277 
1.0795038712397098 
1.125476485036847 
1.0651744691910807 
0.9376802931605974 
0.985435241014648 
0.9123068598032386 
0.9751337565483408 
1.0046050655442702 
0.9349901092455833 
0.9817192289666954 
1.0513830716389077 
1.0016063464498852 
0.9560949687184137 
0.9756854993575521 
1.0142094295881525 
0.9465982239646936 
0.9927546501942857 
1.0251580109197196 
1.0166625136052774 
1.0928557614749645 
1.1881137918297984 
1.2727662164680267 
1.2346150649370027 
1.263229203538601 
1.295531103973028 
1.2344223636615528 
1.3793814881348776 
1.4036509893691114 
1.4992211735915395 
1.3401472382945159 
1.4970830536863207 
1.5177166750785127 
1.4993102343876723 
1.5433392395649428 
1.63063759583008 
1.37215928107767 
1.2405749222753433 
1.3243494668210656 
1.378137856484782 
1.4397002320575722 
1.4874233033768183 
1.4131998992109565 
1.2904163306215035 
1.417909829633686 
1.2758097546870313 
1.337423098960051 
1.405575520698116 
1.4018512819730602 
1.2441196180915364 
1.2317729306117864 
1.2412348029346512 
1.1402405446105444 
1.1638883918564435 
1.1186833322748593 
1.2419432170758906 
1.262751478049671 
1.243442363574509 
1.2198346263840463 
1.2168449620261166 
1.1796708898941493 
1.2202336464508272 
1.2234238370704036 
1.1987702516539482 
1.1356302065298196 
1.1118529982467698 
1.1166449017423488 
1.1310624787071493 
1.1613107551761221 
1.088565506697556 
1.0640657037676453 
1.0547937207541505 
1.177845055952529 
1.1667530482247146 
1.0230661963423058 
1.0462350289748688 
1.179070740416689 
1.2323881086806603 
1.312672123636636 
1.2806036692781666 
1.3011142897392414 
1.2384291528960227 
1.0652468226272864 
1.0198567559278389 
1.1127927242908997 
1.081162323155135 
1.0919852072304241 
1.0439424058675921 
1.1225723603247868 
1.0875703223883622 
1.1410631199435688 
1.0993819028834333 
1.1338485789926647 
1.0701983865965157 
1.1147197642123132 
1.123876318987451 
1.1719023717275985 
1.178611582952457 
1.1390166856651422 
1.1812393428805843 
1.1240543486313193 
1.053818082534358 
1.074988317507365 
1.2043676164075952 
1.2137507449393188 
1.2111282576799338 
1.2118822621227814 
1.1969909121009168 
1.1094028502287134 
1.1584733554934343 
1.1810985255360722 
1.1544472226414801 
1.1415816141146007 
1.0965220532788431 
1.215729025094781 
1.1974534042940488 
1.1346574644973846 
1.1423795364969518 
1.2810784237472732 
1.1297476770802288 
1.2248291505422975 
1.3447490508270823 
1.3471629586655038 
1.2032019439825623 
1.1520033293724907 
1.3555181784829966 
1.317674840217482 
1.2714660539834437 
1.3800939857576704 
1.3652686713261413 
1.253405678161802 
1.3262613971991721 
1.256627416318176 
1.3734843672774815 
1.3043185386407952 
1.3373599657455624 
1.3600796876320762 
1.279714532819564 
1.3356283280169237 
1.4069220497178003 
1.324987297688102 
1.33244525173379 
1.3564718130033144 
1.3464454136279556 
1.3470875335638977 
1.3300354209576195 
1.2965689280991928 
1.183143657675856 
1.301540144769891 
1.3002822104296494 
1.247777048993711 
1.3913566891186824 
1.3311114279487444 
1.3609210724605787 
1.3465419879737193 
1.3606359128876704 
1.3457356533553133 
1.1767128670292517 
1.2621581613650434 
1.2676115717037595 
1.4557929845014632 
1.4769007620958305 
1.423368100476944 
1.3871189266992392 
1.432674884190361 
1.4292116432727855 
1.366285659135051 
1.5091217717685999 
1.437915989354731 
1.4086199351798194 
1.5363078478223475 
1.5058211555744538 
1.5001421973949194 
1.4958006675961737 
1.4975615338115187 
1.4623062826322395 
1.4357193662475831 
1.4800117804016433 
1.4672001075668846 
1.4880747053122716 
1.5218936701362409 
1.50335953816616 
1.533830967754633 
1.4610931023389018 
1.463559694860099 
1.4139428206446052 
1.5213128893506342 
1.5416375895801395 
1.471600719365881 
1.4287539316745694 
1.3475310314491542 
1.3968314451534998 
1.608579450833302 
1.4744498806650133 
1.4376016470027022 
1.478010942570345 
1.52501794909336 
1.408361553109484 
1.433056719860034 
1.4984354462560294 
1.5779619318203313 
1.536087801301773 
1.4267706918556422 
1.4159817163746937 
1.5387730573300846 
1.5458972281210093 
1.399449849303349 
1.3954027539939453 
1.3774371360216835 
1.4605190286842047 
1.3941006417331492 
1.4047075860996772 
1.4191621464658193 
1.4679730199961272 
1.5208373124064076 
1.4546477682664003 
1.4265338577216038 
1.4236094762371274 
1.2888936977189585 
1.2858278160801118 
1.3549810443399348 
1.4097535743214702 
1.3580814801401309 
1.3944345851042237 
1.4558607620616226 
1.3615039259295443 
1.4495283289360803 
1.5599350501055615 
1.4704027361914689 
1.3685687628912415 
1.4307205259279712 
1.4385024235750956 
1.5350691786053148 
1.5714333054966876 
1.5055308021092133 
1.4449248899587417 
1.4607212364087927 
1.3907255030250705 
1.507229312198416 
1.468313444522201 
1.5360477312664538 
1.4688543762836 
1.4840066749144847 
1.4026123169417497 
1.474811368520518 
1.4847776739262668 
1.6022164715983844 
1.6314438467522492 
1.4961284934297527 
1.6995734828553506 
1.7733348289437796 
1.7326513972543955 
1.737046501167437 
1.8193078055981795 
1.6815619868080218 
1.6939469108033993 
1.7623089206857463 
1.747305764442101 
1.5298582735595851 
1.6805865361752756 
1.746230647077305 
1.6214615837040007 
1.5836504613569726 
1.7006528352695407 
1.6071203931981795 
1.6691134101648908 
1.7884649329286162 
1.5800675274192215 
1.679577667831067 
1.8117314129577073 
1.6945678409502012 
1.7265641093166246 
1.7656978762875184 
1.6949781825514174 
1.7149187081099766 
1.7876942676647374 
1.665093185957599 
1.8204543596326108 
1.700037465591349 
1.793068337868935 
1.642230803499497 
1.6288829670688878 
1.5913092650955245 
1.6332528294815343 
1.6373002812094613 
1.5714797852009155 
1.6330573922390375 
1.6535170158120054 
1.6734101767029814 
1.6791178630789456 
1.712046277785878 
1.682534770280148 
1.8415872411010614 
1.8691108351486705 
1.9291839490232288 
1.7686073182968096 
1.5973473361323538 
1.7030179863541581 
1.6781672737604205 
1.744270419866365 
1.7094695900778205 
1.7629027454211101 
1.6977577693074286 
1.6681680236941165 
1.6774825671561984 
1.6063165341694314 
1.6781330386777389 
1.6916986204924256 
1.5883788847865064 
1.689967242107258 
1.7513446703869264 
1.5057015916301086 
1.398842419448978 
1.660163693369049 
1.6141853272466253 
1.5546519234781304 
1.5382708223128099 
1.4676645953642844 
1.5604667294768813 
1.6409201688717217 
1.65665936350986 
1.4194581829869712 
1.405774924536649 
1.54756792222441 
1.5521622711374599 
1.4118177614836476 
1.4159057357087885 
1.3823658432775634 
1.4706224087818645 
1.4046403141801984 
1.356701542806246 
1.441843859683994 
1.3631718820827232 
1.2713362966182675 
1.295045552080876 
1.3143141030971182 
1.3145936482932654 
1.297428198223262 
1.343991816488713 
1.3568971040316864 
1.4667483153457304 
1.3342490221826304 
1.4075868402273097 
1.474252997846308 
1.3923050108142883 
1.3337225658947713 
1.4160773740684596 
1.5074957166385474 
1.5153446143080203 
1.3115279796882136 
1.3608165087616164 
1.4028579236579772 
1.4459958838983027 
1.436503432941763 
1.5540728150736158 
1.5856408729373135 
1.4102556076695472 
1.4523531888858892 
1.370863252479391 
1.3791161441288804 
1.4626991438367483 
1.5496364712746156 
1.4108682182206789 
1.4190193830841928 
1.5321537761580657 
1.5116372399227764 
1.4084912898822923 
1.425141691951013 
1.3975568312675317 
1.4708114596151394 
1.5498525287452516 
1.6652537600186719 
1.63445592374627 
1.5889924402245361 
1.6807437177849776 
1.6572643169409507 
1.697836923274023 
1.5460990541892077 
1.557842368288323 
1.4679645482632588 
1.548869514035045 
1.5075160104532193 
1.3659777757622593 
1.4773283338576497 
1.5591319122608496 
1.447530191935924 
1.3991818552207824 
1.524511370639648 
1.5109266167765678 
1.4125827558997541 
1.4355557565176749 
1.5690179603853867 
1.5695622023585376 
1.4170834059498245 
1.4708081146609335 
1.4040476952727228 
1.4727170173740745 
1.454650504522336 
1.4401268450459772 
1.3352001601355727 
1.3066598770325148 
1.5291917999187905 
1.4263943869048685 
1.4655908840873366 
1.4620351217096406 
1.4600129958796875 
1.4702361529775612 
1.4397518847249389 
1.3718902113787286 
1.3353637698976604 
1.4663892656672477 
1.4248995711253667 
1.4335622998802602 
1.3441232039750703 
1.4254493428110673 
1.4358665854089296 
1.4422360866703083 
1.411355799209094 
1.39586341880368 
1.4828442827078199 
1.516509043684193 
1.5059140285560957 
1.3628291584571695 
1.3737298786132222 
1.3660547184375351 
1.31574863091121 
1.2161693676991236 
1.3208530885845826 
1.2011725076482336 
1.316880142615987 
1.146007639983079 
1.14062701950878 
1.201971479311642 
1.1982635903894252 
1.1445165923485598 
1.2407162106473504 
1.288230464842599 
1.225979530336893 
1.2490854505329176 
1.3788125028714144 
1.2020041765781537 
1.2615136758018224 
1.1768189992118596 
1.2365391426199297 
1.2796019211283445 
1.293043381793229 
1.2917201536096183 
1.1593775208680985 
1.2496413459537485 
1.16736235132886 
1.125210155876217 
1.070414901383259 
1.1362057883487489 
1.1101470215150906 
1.0722312631691744 
1.1365530206702903 
0.9641883644371878 
1.0944663721300838 
1.0370599929816293 
1.0553730261785041 
1.155809478877693 
1.0818497123507864 
1.046485882444295 
1.125015761458139 
1.2088522354292512 
1.1991610582491394 
1.2562797527941612 
1.2971184282641806 
1.235900304267932 
1.2912308450629568 
1.2273960999212985 
1.1415848418471173 
1.2028550619464182 
1.2271054596601587 
1.2366752585593208 
1.3008422421660903 
1.2415560042772904 
1.2931597812928224 
1.2530499359915042 
1.205824350957412 
1.2831005631379577 
1.3037872579919183 
1.3154388432521553 
1.2828896718237723 
1.3333958121927068 
1.205045796176054 
1.2721198502228486 
1.2982281597184169 
1.3020099498748703 
1.216989869202138 
1.215062896541858 
1.2435986806912906 
1.1803255677753741 
1.1331868438782857 
1.2237175861610643 
1.2519128992461195 
1.294703123331761 
1.361989197731001 
1.3801796967492042 
1.285966786216227 
1.324659497004201 
1.336560016376472 
1.4694281907490332 
1.4038259480081567 
1.570948084685325 
1.5559335493094768 
1.4833377573624484 
1.5601876554982952 
1.6151390325425083 
1.482248049890021 
1.5062422622068445 
1.4675198440029769 
1.5184949494505902 
1.4370056208673119 
1.4403001891625506 
1.5546775519880738 
1.6598747832934317 
1.5323742554869002 
1.5966248445903877 
1.5012217440183095 
1.4674841000826273 
1.4316855466289329 
1.426690034203207 
1.5480596960680615 
1.5982426389186701 
1.507730534423655 
1.5781480649660786 
1.5720895361154308 
1.5441905579894173 
1.5815375601008619 
1.6981706372736214 
1.7126917149227514 
1.5554743048073971 
1.600855731049429 
1.654554058796947 
1.6065504161618387 
1.6585769253858185 
1.6658134096563446 
1.5861263580412501 
1.5980753278380369 
1.5496163781147825 
1.6189056289316075 
1.6624785344374504 
1.51434343547257 
1.622295036027213 
1.630472621142311 
1.5598437733707653 
1.5684739374549201 
1.5585881833983248 
1.5269281577027176 
1.5803481651700393 
1.4538888558226897 
1.5192652581748083 
1.6535303105438584 
1.5700900139734884 
1.5993922694171847 
1.5357916107973917 
1.715237210093767 
1.5280329559948809 
1.5183989179945745 
1.570553730670886 
1.6337964093546897 
1.7002424824705906 
1.7123038237937296 
1.6328704299661694 
1.6192652114391712 
1.6317913394075376 
1.556639601529847 
1.5701249695823658 
1.4194200163569501 
1.5350327584179313 
1.6025553120061184 
1.513530433339377 
1.4034174309726126 
1.3531596003711572 
1.4035943141653942 
1.329303610228132 
1.3285395837742715 
1.307170374138308 
1.3264876561609422 
1.3903118548734485 
1.4169908767707415 
1.4010047052908052 
1.4018915027231553 
1.336782245361178 
1.4517341768643879 
1.4399200158710546 
1.575199421980782 
1.4275612017955286 
1.454739649477275 
1.3904198844911908 
1.4390078766864338 
1.2814017050475466 
1.3494552654419838 
1.2983784703687464 
1.3839248878431012 
1.3261662041342817 
1.392996050789408 
1.34799118079868 
1.3920224615963004 
1.3827879100142066 
1.4411634478021909 
1.3861326045778104 
1.5761557172964604 
1.5122850318797936 
1.519180901395455 
1.2667518864149745 
1.383946721214237 
1.4081908660367628 
1.442727649611882 
1.3864019904591065 
1.2449832098376066 
1.290867128726951 
1.3030649400305907 
1.3496653142820403 
1.3015398507412819 
1.2371704083195685 
1.207818463972353 
1.312836059620513 
1.3314844975954665 
1.3100986775964722 
1.3941701527774626 
1.4154249268756662 
1.3979451486316692 
1.3633300855018864 
1.3653551168968372 
1.4069570185082658 
1.4746146482743767 
1.3703537593449424 
1.4138930145517095 
1.5477159244113636 
1.4690780040248383 
1.4977141999438015 
1.5251946712028244 
1.4296868626223505 
1.4421564830201223 
1.5060445059684737 
1.6611274884237126 
1.6676795588247193 
1.6026819144245126 
1.7991494822265484 
1.765049566612758 
1.8017605606067089 
1.8048541738176578 
1.6882549652546823 
1.5878147380638472 
1.5564251517693377 
1.7683243701714995 
1.6792181771846497 
1.7166704177720977 
1.690640156383761 
1.7990387875275724 
1.6946833888126829 
1.6839450740646134 
1.6396942212473131 
1.587088006850525 
1.6723904053056484 
1.665459763770682 
1.7156629576732727 
1.7694401076993007 
1.7303138849111581 
1.7749055460550014 
1.7261027804645017 
1.768430749776219 
1.676523377158503 
1.6475580783977737 
1.8806918920137423 
1.8004927335012757 
1.6664975836691036 
1.7637200534557431 
1.9022871432747768 
1.7996605736393851 
1.8450928681617698 
1.8251451683297706 
1.8021274828690277 
1.8722444621114376 
1.799787426048213 
1.862746014703739 
1.8298915379392657 
1.7885277024361306 
1.700232175602453 
1.605232825366836 
1.656979026121428 
1.8877544001603093 
1.6835265080196795 
1.7415539312298396 
1.6680059247429577 
1.6961278797827442 
1.6166183362531472 
1.7092289148493094 
1.6051305761087251 
1.6467868735473492 
1.5370407760359983 
1.6637634489556663 
1.6973775873968702 
1.7066930976146262 
1.7952349393134204 
1.6604702669252844 
1.6858213332778353 
1.6529928350795302 
1.687535395291841 
1.5696197235156688 
1.6115758154973043 
1.6597932582297956 
1.7370700967840107 
1.721861983401805 
1.6844350681675146 
1.7030202395094194 
1.7189847052683496 
1.7269106070709546 
1.7058086121183684 
1.6444732274811196 
1.7073161598506235 
1.7091837166178996 
1.7528736557444513 
1.850786564345056 
1.885756258184865 
1.8168663896193653 
1.7628290539717548 
1.6788440853771875 
1.7642444029943973 
1.7874278439608697 
2.1007162148788687 
1.996064749393652 
1.9808799594762234 
1.9369906371358363 
1.8767730969046308 
1.8995560740625717 
1.6854069387113 
1.8395760624372233 
1.910264379323986 
1.979021437396445 
1.9371790811061675 
1.8878263500317378 
1.9218074602939315 
1.7970915122728754 
1.8826433596407475 
1.9265176350646793 
1.8299873396173911 
1.8932975054889223 
1.960200559969012 
1.838687406005172 
1.967727597002181 
1.8881454081535003 
1.8689316910075278 
1.9509148374594991 
2.040601263717706 
1.873708221238429 
1.8755636702772578 
1.9315108456610692 
1.9340233273691443 
1.9605169619882503 
1.9160248693742608 
1.9040692695818373 
1.9446827306389367 
1.8494949695336445 
1.9133186321670848 
1.8433305158650277 
1.917494365458831 
1.9015973296024091 
1.8320562640795193 
1.8823563040903617 
1.9251485420051906 
1.8616099802360313 
1.9712336796961623 
1.9216583370097795 
1.8066715067279577 
1.9003232974105382 
1.8294311010296544 
1.8834154673349965 
1.8790002459778596 
1.9065681732098876 
1.997838351559696 
1.96952693644436 
2.0210311483745462 
1.9898851654670124 
1.906248739687578 
1.9734797415453462 
1.975667595400319 
2.0580678882303824 
1.9030298612264838 
1.9268641198642882 
2.052341066717039 
2.0039037290627824 
2.0942437923326045 
1.9640887909069165 
1.9330414256124977 
1.9221091956526497 
1.9357168681685375 
1.873700857838843 
1.8648124290796222 
1.9532986200998896 
1.8948186275012062 
1.8881203261798254 
1.8183848242628824 
1.9155289229178503 
1.9327671297567464 
1.984806205479498 
1.9614374829315167 
1.9939290640023695 
1.8982193563473673 
1.8975535564285873 
1.908712443973674 
1.829870207955528 
1.9617968241790527 
1.9852365206888853 
1.926047562067248 
1.9364842803619402 
1.9116381071078863 
1.9990848916619972 
1.9865799586651112 
1.8527908952955243 
1.8632631363549381 
1.9742407917095093 
1.939774047575575 
1.734352070805166 
1.8491354717650845 
1.8564813805216587 
1.8648098144060563 
1.84042059232657 
1.9825884510512264 
1.9085180249562712 
1.9287192838795022 
1.9920410287438646 
1.9316627079692903 
1.864923256852762 
1.87189203471798 
2.028730496571696 
1.9193316671226186 
1.8700697677621643 
1.9495251913944984 
1.806450813362239 
1.853858668670344 
2.002473438917543 
2.055472419508204 
1.9705012790583898 
2.0809566084392266 
1.9513028054830974 
1.8021624983387041 
1.8659359151431911 
1.953037514466919 
1.8817592324478027 
1.7980626216389943 
1.9381542982094728 
1.8751158323774408 
1.876240904319889 
1.6923383779218544 
1.807106575953092 
1.7575694538778435 
1.8264546621717193 
1.76696876585715 
1.7935373006229558 
1.7451233275818219 
1.7923892415287066 
1.718375171847386 
1.7473657901356305 
1.824181400601533 
1.7860825341037512 
1.6881661986107144 
1.8286708926968789 
1.8182938172694805 
1.813362269649943 
1.828348582443255 
1.8780583714254444 
1.7385453192509335 
1.7611220283906046 
1.7578653058098006 
1.823673924744824 
1.816542524799863 
1.8854904811296171 
1.8295011205489318 
1.8403689084573742 
1.8659555045201095 
1.8351926259531388 
1.8478265060530241 
1.7910106147435818 
1.8094733067003503 
1.913237179669179 
1.8954214082231478 
1.8162933862384645 
1.8891915268939423 
1.9415112250669233 
1.7999755443959546 
1.841996742113676 
1.909474839910187 
1.8755106090516196 
1.9322526479330373 
1.9018126501581905 
1.855182024471387 
1.9121677528018903 
1.8216624466682558 
1.7431251701059143 
1.8348112562242982 
1.9044019807167525 
1.9327774802073563 
1.8521152530213838 
1.9274155734779417 
1.85250912969212 
2.0125152724545776 
1.816840153848752 
1.8688955210915617 
1.9110692023857254 
1.7947580241029013 
1.7817194572462385 
1.792831951725482 
1.7819945447269314 
1.801851172804316 
1.8532462789011646 
1.859864360789055 
1.8093189911861456 
1.848165443258227 
1.7384433642162875 
1.8409052140528888 
1.9309325428539967 
1.892576946204315 
2.024483769182576 
1.7992111770812935 
1.795967407499733 
1.8866709145634832 
1.9657387714219383 
1.8288520024691806 
1.8800451575586608 
1.9735886672223677 
1.9872735951377143 
1.9901348869630595 
1.935883511549603 
2.0420354577145066 
1.94971093236943 
1.8423448635261765 
1.8059077026275239 
1.9118764610258925 
1.8591481501076075 
1.9056440591532096 
1.924500802351839 
1.9703937281085706 
1.8918697048467474 
1.8286861140535062 
1.7685806524766858 
1.7558347644277 
1.8235627843187585 
1.8017186549192434 
1.7063799302308782 
1.7442016634105102 
1.679836757625159 
1.7881895751676804 
1.9423814658221925 
1.7128839785535632 
1.7721480043165094 
1.7538321184186436 
1.6516181099511025 
1.6466981706078325 
1.7443623320269974 
1.654577803820317 
1.7079844829677684 
1.677444309137286 
1.5880860302441673 
1.6563944179012227 
1.6150375928190612 
1.6837542805877086 
1.6830784033118358 
1.744470982591208 
1.6882217151112928 
1.7305824815542752 
1.5594782370900206 
1.604480916902405 
1.6723977393783993 
1.699118391659192 
1.7045028849138437 
1.6697320251237895 
1.7305016488186695 
1.7199837748907425 
1.7830596135323251 
1.6425839165869744 
1.6768375582501018 
1.814662322332143 
1.6954618418987981 
1.7308905606784193 
1.7729359806807998 
1.705659433731297 
1.820844405056985 
1.786532181446534 
1.9213790008735305 
1.9041464776937314 
1.8953997995948693 
1.739434543532067 
1.683035051901092 
1.7983959122907986 
1.8924656001790798 
1.8493741952850085 
1.8579808728463438 
1.8936491286655632 
1.8380304188072552 
1.8533116648465875 
1.8620159198443609 
1.9123449153104972 
1.7545171629788519 
1.8671235890094469 
1.790518978292754 
1.7737618713153234 
1.7102506364220338 
1.7624987709566498 
1.8367386143748698 
1.9470136971005554 
1.8329120086796844 
1.6829534427444788 
1.6334921667185294 
1.824485649897476 
1.786581336374677 
1.721178430848246 
1.7618046345100513 
1.8832795224418197 
1.8468505045136112 
1.7684975433981358 
1.8243962726252327 
1.7309527779016118 
1.8184297990807803 
1.8052321835933265 
1.8634245131791478 
1.7922540961237927 
1.773472200452425 
1.7349967284065717 
1.7100500172809188 
1.7732395862275707 
1.7539265249847398 
1.8228613240705438 
1.8561768260902398 
1.9288215454339994 
1.82584572933966 
1.838539405225709 
1.9258528746753398 
1.9740494455761872 
1.9258916696080017 
1.9763496876610618 
1.9329263193828878 
1.9962226432625547 
1.9068808263647454 
1.870550610433619 
2.0105596663157344 
2.0351604432942816 
2.137992152766776 
2.092084419589032 
1.9752774086865494 
1.9680999579221568 
1.9660712799490951 
1.9665954810462485 
1.8856564514024157 
1.9667972029003393 
2.0031879208669725 
1.8660446987270338 
1.7949336471199415 
1.9336271025214269 
1.9453867461305578 
1.943942419623663 
2.0115057037909527 
1.8784774700339024 
1.8699084730238236 
1.9366088340843126 
1.9123472965647408 
1.947381120305945 
2.0016303863857634 
2.0303202787853687 
1.8958999257379299 
1.915532069498611 
2.002473593374138 
1.8586413544322666 
1.864408284556858 
1.81309102326734 
1.9734498389813164 
1.8414776523798517 
1.8535629097561215 
1.8998790792111957 
1.9218624098537853 
1.8922659824589918 
1.7846815894450387 
1.7810036935910536 
1.8548516570755862 
1.875267659271912 
1.8553800004202547 
1.9203282225775202 
1.9060260222955985 
1.966919761352097 
1.8048582630351193 
1.7639218932042615 
1.787814405329656 
1.8315066198001304 
1.744679588774142 
1.7625910533788378 
1.8850438523293689 
1.8846280791707122 
1.9269313953598308 
1.7866840523703649 
1.69417646346424 
1.8830748312702563 
1.8226567287248743 
1.833994955613502 
1.82012424904737 
1.8250235421806347 
1.8850002125332508 
1.9133626749459556 
1.8805386665974568 
1.8703682582449448 
1.9030346491627492 
1.9947808179676163 
1.8051692961803512 
1.899364553190128 
1.8710876901632763 
1.7660827736409728 
1.8276141174856264 
1.9022615358656054 
1.9356317689689515 
1.9124779994801688 
1.864078243308082 
1.792376271643254 
1.723066528070614 
1.8105683591808004 
1.83773701762352 
1.7987313271225551 
1.7889099879479242 
1.7790614034704362 
1.7699605742990854 
1.7237469332187867 
1.753666836240429 
1.6945868313481094 
1.9106275293850095 
1.7244582774208141 
1.7163895265676166 
1.6244213110930796 
1.6817239689358265 
1.8178900948016012 
1.7067153882286303 
1.7953818005504425 
1.717868799397893 
1.7044435804031834 
1.6954094883021857 
1.8010502984902814 
1.864023764139498 
1.8855638879653744 
1.7504984399240078 
1.8301800423459356 
1.7452797012458963 
1.689052616454998 
1.7517695975962277 
1.6727227855995017 
1.69341203775178 
1.7619786574524972 
1.6321566796219424 
1.7641949442992746 
1.7699156743139088 
1.761671653330466 
1.7387381528522372 
1.7570185985475324 
1.762831480051375 
1.7545597140072058 
1.8204501476973027 
1.8500503359008977 
1.8216516102530345 
1.8563377782676875 
1.777583259179865 
1.7884549093465014 
1.823124706663647 
1.8325634587480426 
1.846903083760524 
1.8815780198578562 
1.7379552400783815 
1.8110472932279058 
1.8161025426990278 
1.7830309904487371 
1.7898488100185093 
1.8065791228941228 
1.8317593566280228 
1.7905534734514306 
1.8585474125706953 
1.906897215970676 
1.8598662772900842 
1.8954199858352923 
1.901379590701267 
1.911368128821967 
1.995530185584076 
1.9066230086608216 
1.948154304328674 
1.9905957674326649 
2.1662478541446575 
2.04068127298299 
2.069856144313097 
2.0732225416857832 
2.150318600688127 
2.088149928088406 
2.0621131815233573 
1.9021166488757706 
1.921665561743058 
1.9679217201530739 
1.9364017214286997 
1.8071701956759936 
1.7828570321750352 
1.8958347894545549 
1.780246438109306 
1.803930353589344 
1.746573635904699 
1.769936788696203 
1.7723280024091372 
1.8305396858000622 
1.7797568596276 
1.8480129361834978 
1.7864033264024692 
1.7691105203883482 
1.7693532714559093 
1.7078928346280167 
1.7985258669412951 
1.6954658873090875 
1.6848840435914367 
1.640558554383277 
1.7011931476667344 
1.8630760984647732 
1.6819685842784722 
1.7061248441614296 
1.7209134639094628 
1.6165539989598774 
1.6115147238017844 
1.7471533066525273 
1.7642198606836303 
1.682797684428655 
1.7332166149313253 
1.6876043950966402 
1.6736112567514319 
1.6965324441767633 
1.7005731352131308 
1.722567742264511 
1.7123013393583442 
1.8121482211438353 
1.689212844496403 
1.6297502471222667 
1.7321478854163614 
1.6784660669645597 
1.7032785897810978 
1.7306741368653402 
1.8205121043616226 
1.730033395638211 
1.7380296749821411 
1.7832756527606437 
1.7110522595107955 
1.8076205885011827 
1.7326015373603043 
1.6324425483776934 
1.5710676112146358 
1.7683141950794745 
1.6040656003274973 
1.5183168439388435 
1.6488658773609142 
1.668185226868608 
1.6948344559934043 
1.8411112997636452 
1.8115421427244924 
1.9199508749987886 
1.914269796838545 
1.8077403755507688 
1.8067715122536199 
1.7503297832261835 
1.7753118123632339 
1.8698148606482123 
1.79717502470518 
1.8754183520654653 
1.9220648206194668 
1.8108514832147717 
1.88878475200096 
1.7458626387011928 
1.804139208663643 
1.920847727322535 
1.9333740002605628 
1.8705566225480101 
2.113650023158829 
2.027219198858044 
2.0234790428272778 
2.01412179899017 
2.111724751810107 
1.9249012712331426 
2.028656980303213 
2.170895639345601 
1.9678888693148888 
1.9186381748994141 
1.9670359056280433 
2.0790136264050196 
2.2006506930551595 
2.294036290119531 
2.2277097610341534 
2.148410821899872 
2.235649362324304 
2.2289368511129215 
2.2355587670220896 
1.9596501869394207 
1.9251177576895468 
1.9262962834860125 
1.9293720624616422 
1.9269925123964933 
1.9457037689472785 
1.8676019567309095 
1.8822245882799766 
1.8724438814770639 
2.009678737586371 
1.9434608012873251 
1.9517620559618574 
1.9498641571983029 
1.8152007640710734 
2.000616531233917 
1.7828941506915705 
1.9314228461746747 
1.8314932157516974 
1.8416200927479764 
1.8307237962279341 
1.8465298729037936 
1.8971624347079963 
2.0052354564267403 
1.9134613143961896 
2.0501600550214425 
2.0725088365372804 
1.9947965787488129 
1.831301341221205 
1.8721936737347094 
1.8568690367092595 
1.9990859642720702 
2.001855823969638 
1.8855591559214968 
1.8654335092913585 
1.8398530248478893 
1.9051207375903716 
1.845632814071193 
1.7904513955503745 
1.8198020444765546 
1.9072553170665154 
1.7789411194329818 
1.8074164635555743 
1.8539389818075742 
1.8270423430918108 
1.8820041582126041 
1.884590659391298 
1.7511476348501944 
1.7929776590232962 
1.8188685826285287 
1.881015015414362 
1.8292638260561873 
1.7742080348874965 
1.7857617703857613 
1.8757252531568482 
2.037821790774313 
1.9857384844799861 
1.9118682410342362 
1.8203216583451076 
2.011370489969899 
1.95446100620868 
1.9310631999805725 
1.815414022099657 
1.7800085938185186 
1.971908780940116 
1.974724251253066 
1.9530118808180064 
1.973237687805972 
1.9266709234131927 
2.04284494434824 
2.025807188002124 
2.0086124713482207 
2.0281933002813624 
2.0026825224982434 
2.035589224041111 
1.9548484299496967 
2.012359251760097 
2.0143682394159605 
1.8807525782729642 
1.7894852526699538 
1.884223347075723 
1.829898643147264 
1.8277528382937451 
1.856643968856462 
1.8784424794759673 
1.8314996835002417 
1.821642616195236 
1.805818328098319 
1.862447405235319 
1.9207834315431498 
1.9892391849190658 
1.9825137939235764 
2.1215752387956712 
1.9684606829461544 
1.99747914981187 
1.7969465074476083 
1.9936941307642646 
1.9690753913076995 
1.9640065444327854 
1.890268149038578 
1.946104275588912 
1.9119743079083917 
1.949819600493548 
1.7886201000513777 
1.792688216228012 
1.7301315793051402 
1.8632784227997603 
1.8223566440029881 
1.6949030765116653 
1.7913572570227732 
1.7757378499129182 
1.755591202745705 
1.8567287306128988 
1.7962268095893577 
1.7750487168782068 
1.6792519090873312 
1.704039102604175 
1.7828126865273708 
1.712704362277 
1.6405457791703753 
1.6914599754767854 
1.677199722110415 
1.5979280360540595 
1.588845909722625 
1.5640316297055088 
1.556945140720842 
1.5643722652604795 
1.5433473704389313 
1.5136973467100578 
1.5412463866148054 
1.5831742647803502 
1.4620544579645784 
1.494063540431368 
1.4921195446153297 
1.557494183584364 
1.6203762203975933 
1.5878181326749654 
1.6344919175225363 
1.541066662812356 
1.643003222836702 
1.7841091970170808 
1.6829016068428975 
1.758906066779728 
1.6794248779202687 
1.7546031833637794 
1.755567311119849 
1.731377746142121 
1.7393561734894927 
1.6773796617298358 
1.7693574853471772 
1.847440334788708 
1.8087292087753593 
1.7186446464590144 
1.8250787173562155 
1.8052562996751753 
1.76012951656495 
1.7963643383434889 
1.82815250439598 
1.7038208665418881 
1.6696396316570894 
1.7530390301038608 
1.6694954380336235 
1.8052230246617607 
1.7289755628105363 
1.7101712853015303 
1.7724815638371982 
1.6786529914237445 
1.6773875698355796 
1.7372593426131777 
1.706063118502206 
1.671396375037979 
1.6862565363979167 
1.8146974172251635 
1.6852436860478497 
1.5553416776685014 
1.704547531108762 
1.67286053735357 
1.5590629327374599 
1.4752107219233666 
1.5020087103488275 
1.4212746371470397 
1.4574591068043046 
1.5099280739874799 
1.5702953488517282 
1.2131995089768728 
1.3376223847461168 
1.4756996355469094 
1.4902386755152275 
1.489682433450532 
1.5247256417133868 
1.5322427323818764 
1.419595147337065 
1.4443633326718324 
1.5410568741519874 
1.4798723077020417 
1.4947313093582162 
1.5630580752999563 
1.5110931113636459 
1.6238755604221133 
1.479901738886725 
1.6000884169215581 
1.575291403478648 
1.679988142913525 
1.6274144589439392 
1.5959467412666288 
1.7606774232110198 
1.8098227275084593 
1.735722703668354 
1.7645223189157118 
1.7711990565555584 
1.6893242371340622 
1.5922598935418448 
1.6358504027397078 
1.6375508054154664 
1.7342650242603053 
1.7850927495973057 
1.831297775456053 
1.698026387868515 
1.6198274149600225 
1.5662970711362503 
1.7946331675614866 
1.6580555858088588 
1.6782783969385797 
1.7125910848727324 
1.6913910015835005 
1.8414328968064604 
1.7945305360604142 
1.9205177607655415 
1.7233752293086357 
1.852336705093915 
1.8185758196196862 
1.8773936826067674 
2.023995838726593 
2.088652891806578 
1.9073869320221983 
1.9096995135155117 
1.9331731269980934 
2.065190027571349 
1.923544032918824 
1.8998506799166406 
1.9311663620389865 
1.8992763441976659 
1.8812966032212826 
1.9402577021791116 
1.758808022789804 
1.6430133392685111 
1.65944395915895 
1.7174552054900984 
1.7719430132570393 
1.7479663588908896 
1.7357662058240868 
1.6204667634882945 
1.7481951019977457 
1.7394531775061386 
1.730670508290838 
1.7603959382610113 
1.6864604167692328 
1.650890744523785 
1.7341063483380639 
1.7107842530972912 
1.7688700626935125 
1.7808886828947281 
1.6740217941863966 
1.6566574848145132 
1.473905704312959 
1.697976351041044 
1.7450402426880656 
1.7282566858657993 
1.7845550668185604 
1.5858997735477844 
1.5884184477052326 
1.648637873306905 
1.6612835382797342 
1.7585786253256104 
1.6951686118859 
1.6713098751206417 
1.7386888169976729 
1.6891685295531271 
1.6916940665802844 
1.836338310240228 
1.7472645549623993 
1.7742206670470841 
1.7015533971130452 
1.731156464220003 
1.787421317858102 
1.7282340632881978 
1.7946687374609842 
1.7341724687765934 
1.66764112128664 
1.6644352797189255 
1.780074545792799 
1.5297789170203686 
1.564497420236281 
1.6315267493556325 
1.5482730700118033 
1.530539488562162 
1.5996878362238856 
1.6127827725221386 
1.631752961336352 
1.4780620373973479 
1.6261542453233413 
1.7170609078169952 
1.6175935356620998 
1.6080328152033623 
1.616288285502672 
1.492311381221044 
1.4576634176915686 
1.5055598481176966 
1.4919077890776578 
1.5620090148775077 
1.5559973099588253 
1.6661533815334253 
1.4939833287339221 
1.6387571966256114 
1.5593075681151494 
1.5860377741298222 
1.543115461742292 
1.5836838698704687 
1.510534667596653 
1.48965425201858 
1.5913716728431373 
1.6056800103410638 
1.6595675666061596 
1.5836567666538615 
1.6166790317075135 
1.6910253982874663 
1.611180637133179 
1.5819169045541794 
1.5559918770533978 
1.4754483226467539 
1.5307364708823015 
1.526104727943241 
1.4717808839599813 
1.5112897260055822 
1.5107423489143472 
1.511870847620926 
1.5301391963200173 
1.4988996131964512 
1.4923356533385472 
1.4917835035609421 
1.5501885701027367 
1.502752509585699 
1.5549185618403938 
1.4951776492885103 
1.604896575319232 
1.5754755120208495 
1.5396065248885593 
1.5071706006623065 
1.5508385924493506 
1.5035619028030942 
1.5846788692525338 
1.5443326968638627 
1.5283032874905698 
1.4956023511432117 
1.4585682026739086 
1.4555485265363353 
1.5924803517089334 
1.5048650346184829 
1.5010398301133874 
1.436370004187378 
1.4555640338199396 
1.4393199951730737 
1.4653198092517816 
1.4794694574165648 
1.4807869046805233 
1.4839047700862453 
1.5925903371381187 
1.592092446539196 
1.5224941016267295 
1.57490217345394 
1.5232755020685762 
1.6004301868943276 
1.5680058689456098 
1.5622697970282047 
1.549200883256989 
1.538521198773561 
1.410108283390955 
1.5486714784841884 
1.523684490503998 
1.4549798290639402 
1.5469716263918392 
1.6043983670256419 
1.5549587025850726 
1.4930753027894252 
1.4321766168028365 
1.54124170224023 
1.5017449975792885 
1.5647366004190606 
1.6636258574206089 
1.5770019993666888 
1.589194877584751 
1.572484353396764 
1.5584729108293207 
1.5114723499709473 
1.615407623474131 
1.7291804737262557 
1.5982628980740827 
1.6226013580130587 
1.6139188983112103 
1.5679678694018615 
1.6438867164207478 
1.626848995148014 
1.4703229108484137 
1.5497626311989208 
1.617829845721481 
1.5634738650166204 
1.6303697771101504 
1.7041151943905344 
1.6633387025847224 
1.5886048840442752 
1.6005121260911703 
1.6494945995342982 
1.6352696336152057 
1.6239862125800864 
1.560670324261016 
1.5499665446037463 
1.6009771242859068 
1.6665866035913761 
1.78021151192455 
1.722382967875903 
1.7421219130226668 
1.7733237682747276 
1.6309880400689063 
1.5737607460745249 
1.816678086019035 
1.740941916535812 
1.7752293107501342 
1.791935938821166 
1.6730274733584078 
1.7651860777262334 
1.8632219422224394 
1.850826069091088 
1.8558830975490712 
1.8856028784647503 
1.843778960082797 
1.9450378522113057 
1.843818797610017 
1.7804469830743712 
1.809715046999152 
1.6961421396468088 
1.7734772358280566 
1.7549010424548084 
1.7324924797657482 
1.637101014518529 
1.728671574995344 
1.8200400043785336 
1.816430946938004 
1.7970141902876107 
1.8516398219764894 
1.7478597559740745 
1.73582315432267 
1.7245034358925684 
1.5895187714385717 
1.6195620082482065 
1.6419918476519313 
1.7690092490616762 
1.8034291120087835 
1.731093364680142 
1.7528198360867808 
1.8625384607078832 
1.7365276346591108 
1.7999978922848503 
1.7462425147941598 
1.7140666592790523 
1.851560161554733 
1.8924160333623277 
1.7500578148384232 
1.7532751296561024 
1.7889363921533254 
1.8190985938668227 
1.75518595125782 
1.7714199400382902 
1.8029285567590312 
1.7116766564510362 
1.7312074483465825 
1.680907784916277 
1.9199226313753792 
1.917245925261624 
1.7877491175986808 
1.6952522666951482 
1.654639698965104 
1.8518997111871451 
1.7870645585295417 
1.736772513424741 
1.6970413365030568 
1.8007443249897637 
1.7343917682062098 
1.725907178662979 
1.7415350961436706 
1.7582793525166152 
1.8318703505970821 
1.8814374903063205 
1.8469299996921078 
1.8381568643816513 
1.88947912121279 
1.9398898170214627 
1.930096932700054 
1.9238630942264587 
1.9675874301251928 
1.936349172703514 
1.965944257340333 
1.8695035272813905 
1.958452686743416 
1.965859562323746 
1.9434457867799069 
1.9835760117261638 
1.9380102672699133 
2.0009658251388305 
2.0293617052814987 
2.0101359008458086 
1.9686884023310294 
2.1726359097539802 
2.090969737601772 
1.9824032108474223 
2.053177899305132 
2.0232487591845554 
1.9349703802811944 
1.9909890960327847 
2.0268900183765473 
2.1234916499550667 
2.1835977384153726 
2.1614093633019236 
2.123255110171203 
2.1506554001037035 
2.166910425436526 
2.196976204872967 
2.1094873730287826 
2.0709007791331726 
2.1698966212703197 
2.3102413364735876 
2.306611827136246 
2.1203784843222366 
2.2272801830934497 
2.136652798549865 
2.108458449591214 
2.138607561826924 
2.1443428778725346 
2.132297580531368 
2.1528123985325904 
1.9375819233486675 
2.033189336041576 
2.297625678583183 
2.1549574517537216 
2.2698815341837313 
2.1432341727789046 
2.1127007087875875 
2.18329629115041 
2.062509227808936 
2.0425307464165554 
2.0627380324905658 
2.104680101825642 
2.246580038685737 
2.218428755480411 
2.294765288127287 
2.387863103880872 
2.263522440653284 
2.292884405372893 
2.210109835646696 
2.2406245440352897 
2.3523179667082723 
2.1919438123441286 
2.265108814199249 
2.177783180601661 
2.2551427738219467 
2.2382806962090522 
2.3818021823437654 
2.2312001994010036 
2.2964237802671543 
2.2493645760792162 
2.1641051851493764 
2.3605269551030585 
2.3537907854127096 
2.384663241855595 
2.5527531987416445 
2.5178064553834267 
2.4147307646250167 
2.380669487837081 
2.461257888836162 
2.51797121569307 
2.443859233294154 
2.655109911285361 
2.584675647955889 
2.60488029481418 
2.5314627635767186 
2.576663990139192 
2.590985429883207 
2.646040048967535 
2.6318778578483806 
2.774973579532492 
2.587262608668997 
2.6993521545615304 
2.6223168469591496 
2.6635115840746058 
2.699257337703988 
2.7997180524053498 
2.8585935522805346 
2.7099572995643886 
2.7309948085516575 
2.7349216562316494 
2.650195615987272 
2.76769099163833 
2.7651275779385363 
2.880716418681688 
2.8251613036976937 
2.9180117204764153 
2.9227350497683426 
2.85089780036434 
2.8633640151608404 
2.7927920568215217 
2.917897088775669 
2.781799191577756 
2.8521703175222974 
2.8100032618954853 
2.878915367661926 
2.9003365281023403 
2.8229211419734135 
2.899298502057878 
2.898343459846574 
2.924627809675791 
2.84388914863598 
2.9452114632608444 
2.9582519905259255 
2.9251203863011916 
3.037466987683724 
3.1024176518841204 
3.087303157517958 
2.8605878307773187 
2.8770439316744434 
2.937716370252225 
2.8713410483734387 
2.8938586528101173 
3.0475891142973106 
2.8911605807200202 
2.875546215868514 
2.9881550805205612 
2.970571655268935 
3.0905214362566795 
3.1263303138231033 
2.9717752076846793 
3.1782749004247903 
2.981691205402131 
3.086857987797275 
3.01975242195716 
3.177458212515243 
3.1284168158920362 
3.1687179748856034 
2.908639786434951 
3.03798952314154 
3.003121695875668 
2.937618412846412 
3.0342070454554046 
3.0085971869836468 
2.977578584303365 
2.941585684143777 
2.967183016627265 
3.2079874865958637 
3.113976776664672 
2.9777485262397954 
3.091355880885332 
3.074721915776383 
3.1844767178605373 
3.103971347333201 
3.1607483574956485 
2.9895866697479065 
3.039425252559855 
3.113977650142133 
2.99160829201177 
2.96723653507086 
3.000550651061264 
3.162000897130998 
3.0105704175567713 
2.926170919521572 
3.0307964188600804 
2.847165142303164 
2.995386516716045 
2.847397439493918 
2.962056835614177 
2.8124643562218514 
3.0204805031560253 
3.0528847698519344 
3.21044565355794 
2.828444436975446 
3.026784741429831 
2.922331259086029 
2.9819173070339207 
2.9255583819858213 
2.931292016631079 
3.011897289415953 
2.833204281953588 
2.910808867856819 
2.888821897380448 
2.9301480896755034 
2.9825697794741552 
2.8746337355104563 
2.871215146302194 
2.774871088238556 
2.988021510155668 
2.878516109580164 
2.8437502202728933 
2.8053275816592502 
2.8113618028883005 
2.822462388572175 
2.7502130207951487 
2.804423500469168 
2.762918344483928 
2.771580360023355 
2.8051479884392365 
2.8309890293698983 
2.794562244247359 
2.8940212672557006 
2.9917457515605683 
2.989218213146782 
3.024709366347345 
3.070218583153897 
2.984136995754318 
2.9491390886855573 
3.0014620810225905 
2.9811867867718473 
2.8747452019793753 
3.0225394353778414 
3.0424920776573656 
3.0751888349944894 
3.086832670755746 
3.171074173627984 
3.136766695408426 
2.973403057031832 
2.9845988048136842 
3.080082701992839 
3.0919841416728318 
3.120434220488659 
3.0468578258523507 
2.9607767774655818 
3.049421953114599 
3.0661011299811083 
2.8754429866787916 
3.0419490281475503 
3.008269624449314 
3.003308757382473 
3.0078923582792414 
3.1417392412703427 
3.053495132788285 
2.951606579080869 
2.9720448745488284 
3.0234788844780356 
3.158730483043656 
3.1136358431667794 
3.0715808542976926 
3.022064812540624 
2.972623790594559 
2.9845647904804817 
2.949207092216772 
2.92599156053379 
2.896228883142694 
2.8772910827203795 
2.997705709233262 
2.837429484077604 
2.852168920866662 
2.9887844451235472 
2.93312789720667 
2.9475789593735606 
3.1106222949348465 
3.177480860020601 
3.186945582797115 
3.1477879660643775 
3.1426324416597944 
2.9882713743409526 
3.111768555728737 
3.0697168131431996 
2.984961752121539 
3.0013128430200884 
2.9692773220937285 
3.0070724209644593 
2.9813575638415912 
3.044697854191297 
3.0703718018830757 
3.0071368400286183 
2.9911892038877532 
3.031007641361333 
3.1903018222804187 
3.0911547687289977 
3.1196207074073006 
3.1526948670060437 
3.3727857623113646 
3.2275507023328394 
3.2466864534864994 
3.1851721385432277 
3.381292418897464 
3.236521396044631 
3.3631269170508804 
3.288422097440607 
3.297349892225165 
3.34451573814042 
3.3877292423519574 
3.4853612865179557 
3.4246505993668603 
3.4329226786994917 
3.3718165271621294 
3.332067377390116 
3.364325456035443 
3.506083072133045 
3.3940391141028936 
3.426708281393823 
3.484373123544423 
3.3891571204318907 
3.386696125944179 
3.607644429070193 
3.4709033333566026 
3.5094271690963277 
3.4650906047348466 
3.52566153453382 
3.435587292721846 
3.4660839511326116 
3.5101715310581785 
3.410037347748307 
3.427193782190823 
3.4149156369275437 
3.4353882408704957 
3.29334708554685 
3.3415876639526907 
3.3059546857363027 
3.413826261227275 
3.365222894341595 
3.4004579769593546 
3.4728717799924063 
3.4270925842920037 
3.5259123804060786 
3.305063257216399 
3.299268257334773 
3.4317234335269866 
3.5341483159717226 
3.516304871707671 
3.4156964598474397 
3.31205446537496 
3.5161906995325882 
3.3494852742174115 
3.482599949297984 
3.608307191929967 
3.4734068651560777 
3.4666746254382055 
3.632552551575163 
3.5522120155955283 
3.3787820946573786 
3.478368834473401 
3.6796583154033335 
3.700692350711409 
3.864879228711619 
3.7318968211987067 
3.733413440431312 
3.944200381735638 
3.693413179057431 
3.842782987527091 
3.8140991958827213 
3.9004656524340846 
3.8654454361303587 
3.907479200870203 
4.0345211202163185 
4.066483881192745 
4.134332247342164 
4.043008285790883 
4.050521705646028 
4.09885814232842 
4.117647703418288 
4.081585291017988 
4.099849235019455 
3.945122717608757 
4.077678348017617 
4.145330334738222 
3.985177300538988 
4.01269057137495 
4.060805388025674 
4.074129019908634 
4.106568973844689 
3.9450295984040804 
3.9910451637751843 
4.037952423233458 
4.033506359644142 
3.9631558517902308 
4.087910885793559 
3.797384471653512 
4.10251551512766 
4.239547327944104 
4.134190169364958 
4.088058321321922 
4.142003006303665 
4.0653989102608135 
3.9550496213939907 
4.08664301321068 
4.081537691738667 
4.209336795317886 
3.9854055533187385 
4.026908865361374 
4.092279760565457 
4.009417821532955 
4.1452570878384165 
4.151840655550764 
4.185044993463107 
3.864107464952021 
3.8245901229918 
3.9503877608449423 
4.052670580839244 
3.82952175414718 
3.6593473448912883 
3.7382478297721202 
3.796608082941959 
3.7567844244854793 
3.8496703185224437 
3.7138704070021133 
3.717187432628088 
3.728094515770272 
3.6681141721652546 
3.7558961960370376 
3.850131697219606 
3.8630774943271735 
3.8819244361289416 
3.736315061007037 
3.876040801377683 
3.7839150192941418 
3.660886339907724 
3.475501019140605 
3.676414018710198 
3.8252016248612146 
3.7692829500838494 
3.676193475437622 
3.601830316612175 
3.576478230885258 
3.686089014121366 
3.6163169339205328 
3.662970107998518 
3.789347809175814 
3.6647578288528746 
3.6435579637653697 
3.4182334806125727 
3.6126789804433845 
3.763366453021137 
3.7841883739733344 
3.965243932740226 
3.8365274335965798 
3.7102697008753354 
3.7423719703731244 
3.805139481912323 
3.8022813677095098 
3.8200304915342334 
3.874976608741605 
3.7442269528031082 
3.6192146767926943 
3.7788952989527473 
3.9238608705034372 
3.792035896358875 
3.770031000057253 
3.8518817622796946 
3.7127525101542176 
3.685987019483612 
3.7564312483667845 
3.840593035001322 
3.587014536278399 
3.9087025700694076 
3.9600338879993746 
3.7619657405090754 
3.7645582427910886 
3.7416890465569774 
3.716921160419843 
3.7482715017349415 
3.992193172558609 
3.8897840057295308 
3.7795289327322914 
3.8897499849299066 
3.9291003439393033 
3.9958666075922054 
4.033794307953915 
4.061627611544796 
3.9835769336524463 
4.033256982181566 
4.127355945111939 
4.073366388239081 
4.004797536105984 
4.237549969894532 
4.234968766962662 
4.062056438567559 
4.024090995188128 
3.9363051929396797 
3.878385020081252 
3.926050836738855 
3.9580288340350944 
4.0049272007973515 
4.071716493694957 
3.9088451582228734 
3.838227295090646 
3.9993239355258123 
4.00596733821794 
3.964847669037823 
3.8602124122701924 
3.8847854700014817 
3.906053151732306 
4.058578277699854 
3.954803147400111 
3.7835911899583476 
3.930213950875382 
3.915169211698093 
3.934447937770897 
3.9260015684781524 
4.1655345239919725 
4.04573961714045 
3.9791492218242683 
4.250360788427108 
3.950008091723651 
4.002810113526857 
3.8899675620261 
4.017437815983487 
4.026479494490125 
4.113272165799998 
3.9703632340305264 
3.931775995331414 
3.8003214788340225 
3.933744018613473 
3.8554212951150846 
3.9048035242221886 
3.8573434436574883 
3.9882895173804145 
3.8854828001284574 
3.9322358571618885 
4.074361757850873 
3.9276744339415295 
4.023481998038854 
4.159638830948477 
3.896198686729835 
3.885447066901485 
3.992622182141068 
4.016747116457706 
3.9793833710846815 
4.071987252765191 
3.9722244124945574 
4.070279760147738 
4.036854583096633 
4.174486803821452 
4.114187769553924 
4.066691808526407 
4.154060545884627 
4.064505990616673 
3.9639607411038904 
4.115301542459368 
3.979328259047919 
3.9723812035782173 
4.070866059859888 
3.946617332052162 
4.049502975866439 
4.1192175311804435 
4.060960167746581 
4.0921263532167576 
4.032545558344489 
4.146801500572588 
4.144797691016779 
4.187123930563544 
3.999447687785455 
4.035768413833907 
4.1380002514664564 
3.9731664667637534 
4.1214449386484935 
4.18020866036447 
3.9937311462689102 
3.8032487093107044 
3.913469072843459 
3.99683122191218 
3.7994000348486385 
3.992941623278646 
3.9383701890638503 
3.9537371031265707 
3.9051745638095943 
3.9513835692199515 
3.9470937714216023 
3.8306447198930034 
3.927306160018978 
3.828204384123951 
3.8013184375399485 
3.7347699996133907 
3.781910527040081 
3.8167119384744495 
3.959332029266349 
3.8111164422014836 
3.767163660482574 
3.697702534589799 
3.7201448680789886 
3.74560570164804 
3.769366466459216 
3.6257636855808237 
3.7287598792033427 
3.73960993326044 
3.7695670707015645 
3.8764915832920868 
3.8479561679938836 
3.7765561333988207 
3.734796033382942 
3.957442219186232 
3.87585020840268 
3.8193367845730903 
3.918791420614133 
4.058464174822871 
4.044957189424575 
3.820447823166927 
3.9032800544004043 
3.959010321988989 
4.060120426671466 
3.9098532088846762 
3.9707328502492754 
3.8455436827514093 
3.941390390454213 
3.9339437602705893 
4.048158435329638 
4.131382388453396 
4.229638858470711 
4.035685326864472 
3.989939043497757 
4.098075457652119 
3.9073456070188617 
4.050852304862902 
3.9882481795892755 
4.003623402139701 
4.102069614187235 
4.001778044257145 
3.928178855655681 
3.9615475296944123 
4.028770193108203 
4.063727448691907 
4.1093003139603885 
4.098384222870376 
4.223474452286416 
3.9976811391904645 
4.138521163277043 
4.09938026097414 
3.9622434692335258 
4.065589924138942 
4.0420497991542765 
4.019657548772646 
3.8462184330795424 
3.8837077114047056 
3.763911061283933 
3.8305609354158356 
3.954670641132062 
3.8631903118396065 
3.85275153680896 
3.8067233362006143 
3.933281991732563 
3.9698878854864885 
3.9049444569569998 
3.8153378938676705 
3.8919590034728326 
3.8361075157359568 
4.0045523556294516 
3.849423268558877 
3.9105336951287577 
4.041463467477919 
3.9428551403621555 
3.922990326909824 
3.877289437739486 
3.9913310633437806 
3.90884367829062 
3.893649531547236 
3.9542667795333575 
3.95608933668261 
3.9355292645724558 
3.835552676098102 
3.9624949023030687 
4.076166592015481 
3.8839050034735303 
3.7327732514526937 
3.854890405638854 
3.6503748032287113 
3.8548703951586853 
4.112345478821226 
3.9447353720656877 
3.851811928956363 
3.768836411238712 
3.973141760260511 
3.984394260698854 
3.8126301016662683 
4.028825859290051 
3.921590956648968 
3.981350152125819 
4.105278487866338 
3.9248853958555507 
4.010780676830676 
4.132413790618112 
4.090887122891125 
4.002263559659171 
3.8640552185111887 
4.1672471755163825 
4.011012198301061 
4.1929997760493105 
3.962767979683294 
3.998570691941699 
3.95949530381961 
4.00146739715366 
4.133355016442619 
3.8775788662753863 
4.034314504877582 
3.8686780818914683 
3.8962248139760325 
3.8188629364258446 
3.771950754725476 
3.7670831913458565 
3.7674432477612223 
3.755787448729016 
3.6605857552320282 
3.7998379886016465 
3.824519559322677 
3.7601325197820756 
3.746760600389665 
3.620398571423796 
3.8431367912806715 
3.7520778664587087 
3.7740282959820246 
3.7507986770896053 
3.7840811071427045 
3.7030439485649294 
3.6071918897843136 
3.742652373502811 
3.745232463038029 
3.802028651910366 
3.78926087229664 
3.584875426368205 
3.7394979266983404 
3.758715216615218 
3.80974066435395 
4.070668810600309 
3.8830400698210963 
3.812916700903281 
3.751045265839534 
3.770790741374424 
3.825635030913336 
3.7245942124818234 
3.87593427175131 
