# "MSD"
0.0 
0.6801504770156164 
0.8911150323238048 
1.1522613122319176 
1.5887017041254063 
1.7079718479049768 
1.8182984030668712 
2.0801653216717777 
2.0461475921748087 
1.9367230246005533 
1.612261669542343 
1.673089342547243 
1.7850191848327133 
1.7220146055891894 
1.9125746422689403 
2.057984241379868 
2.3331550433456867 
2.3794676893840245 
2.1739671754426406 
2.3248051560281615 
2.2255522052093024 
2.408388010083523 
2.4550195197633884 
2.6201677482761454 
2.8727606423978256 
2.8691417339684566 
2.985170234584144 
2.910600531610173 
3.0747329835747883 
3.056678397391338 
2.968359391368995 
3.00724457035123 
3.1300786573149217 
3.257450765264997 
3.285983238211272 
3.3593636244464817 
3.284419595743375 
3.3828978373653005 
3.694857137022394 
3.979938058556373 
3.7322926666776883 
3.9624033667357113 
4.103798911780741 
3.919972359747369 
4.094479922194652 
3.9998708290809066 
4.167154010879755 
4.376654158058661 
4.590817648585407 
4.403836237145058 
4.649636018288989 
4.478059074652405 
4.231385466259757 
4.452211945777539 
4.768473430835354 
4.944017202040395 
4.856016295620312 
5.029355132186194 
4.9158166163086 
5.2591818894319395 
5.125011688788661 
5.314072026630367 
5.633098562037039 
5.672860726673437 
5.484302506847957 
5.4431205114530625 
5.361204341884992 
5.569480271932429 
5.794225251102283 
5.528523080244315 
5.670186644962056 
6.032382453669773 
6.0566307987272445 
5.8403074766191 
5.795279143515753 
6.364375515613382 
6.046815648361851 
6.298449806569245 
6.460238530272525 
6.519065651921925 
6.465043529582033 
6.369231305087277 
6.2342826823107975 
6.429678770124682 
6.742591365296567 
6.979911973484214 
7.219470054025195 
7.460860170929649 
7.690104584241811 
7.795757507221123 
7.870547843370328 
7.919838592520271 
8.295146618619963 
8.646459156331607 
8.257699815496895 
8.380571907687159 
8.584879615792376 
8.7968413205591 
8.82040963349004 
8.887251818589508 
9.221914257067757 
9.028609229583447 
9.163936713833081 
9.518145079699437 
9.331368156848441 
9.705270030044373 
9.662436336092249 
9.658443713863756 
9.661518078878837 
9.838398869213014 
9.891979089986991 
9.928395240839038 
9.795309406928629 
9.839459696750222 
9.896069988313016 
10.112862665868237 
9.65899527785859 
10.238635883665635 
10.563215251511744 
10.90409953131246 
10.753219270298045 
10.621354402623885 
11.164638821728289 
10.51864189279436 
11.059298772723722 
11.164909718792478 
11.453728826892773 
11.350861210929843 
11.50630557013784 
11.311652513024562 
11.973743260652848 
12.467878194372114 
12.317182808245672 
12.100812174273589 
12.501043731868222 
12.093433971518161 
12.222040152945288 
12.800924449635739 
12.178616683566538 
12.14399981121154 
12.660068991417601 
12.551719526205748 
12.549000101277635 
12.338616351466449 
12.646053117691832 
12.327745758314697 
12.412214056423991 
13.044806358650641 
13.108029566067815 
12.962693767957303 
12.78173816775566 
12.716671017235129 
12.887760003236163 
12.620465012235673 
12.920010736404507 
13.21845931894151 
13.297760240740391 
13.893703259666083 
13.669238626368658 
13.239198509507371 
13.224426328263494 
13.311109130439467 
13.514238424053776 
13.766985681120893 
13.724273506860857 
14.22798856196296 
14.073182021460783 
14.020339910693194 
14.82697519868611 
14.368822599585686 
14.41163675555832 
14.6147720357225 
14.039045732998844 
14.007803630756975 
14.276222237705241 
14.720635581244226 
15.09675284111112 
14.33506608777654 
14.311542264517392 
14.356612060075193 
14.47419765659344 
15.186484430183517 
14.830470748969283 
15.106554685532167 
14.596666974667116 
14.936344078730299 
15.236338646883482 
15.284500661498756 
15.225723638963572 
15.588822346044461 
15.492957409809044 
15.43556277790199 
15.460384091415385 
15.736269888170522 
16.035900191283524 
15.648727079600874 
15.934125497940533 
16.410112340011725 
16.21074129207403 
15.878743690551884 
16.31566744166953 
16.01967084662456 
16.259278296859627 
15.918526055145817 
15.80610538868801 
16.09115160600803 
16.219325263840425 
16.22111427225357 
16.201234304700286 
16.277867735512967 
17.1187853025914 
16.773226905813942 
16.807166614849795 
16.426320548274855 
16.44784899301306 
16.68722444886995 
16.72212014976645 
16.42249928700689 
16.906256796963888 
16.691089402431256 
17.42085992096054 
17.327238559636022 
17.16788706231898 
17.653397723670302 
17.22436846671028 
17.606478529241446 
17.743276006631366 
18.130126826371264 
17.7335943385438 
17.81550087155669 
17.926486848684604 
18.209039997412184 
18.63658133221562 
18.94200851394148 
19.204538083551217 
19.272808703281125 
19.888053297496995 
19.55649724602728 
19.106895948688162 
20.05715130107436 
19.985908719244367 
20.3425831213898 
20.148377358485966 
19.912684423247875 
19.782488783399444 
19.966726564825937 
20.338318153190386 
20.50901690307048 
20.106154212037 
20.07087027382143 
20.391244962782032 
19.73624050662006 
19.535538055932694 
19.748458901914095 
20.94293224716909 
21.77251739703171 
22.3621389865702 
22.043213449059188 
22.493325194929444 
22.512093574911063 
22.877255307276457 
23.799422656798058 
24.70183653321012 
23.95759368194388 
23.399963415605576 
24.04641525920775 
24.254093348659268 
24.1370591204454 
24.824888688295626 
25.398528442649724 
25.07682175598143 
25.563673072948298 
24.862137729790646 
25.418605650383075 
24.834538232432518 
24.360891888908885 
23.586638795516496 
24.32455026062439 
24.9557667670623 
25.014458637198153 
25.629409586976937 
25.57390869697014 
25.36419433815766 
25.14139407297296 
26.607416843507835 
26.943550443350098 
27.297369451926613 
27.397002813619874 
28.83915885782162 
29.728521130876302 
29.84960529086296 
28.855884338640102 
28.981552997635298 
29.461642216606407 
29.502943702091777 
29.48020332509364 
28.918021568967937 
29.614518050165092 
30.307557177987967 
30.934712485592772 
31.280858699606142 
32.02439300959922 
32.504244561259895 
31.64264980203918 
32.375233414353296 
33.175076294787885 
32.45294773102573 
32.84841543816135 
32.555733640607265 
34.95199819309913 
34.886650920372766 
34.38156602282086 
36.19575849669625 
36.15085665931111 
37.05985555766159 
37.5535792996885 
36.40616887393757 
36.52942540063168 
36.426706866266784 
37.280620554941095 
37.684225564284176 
37.491445064480075 
38.47531910718365 
39.2331882889545 
39.79186662831041 
40.22153479609931 
41.04125441649596 
40.940884896087 
40.02724591648787 
39.5880077697624 
39.86644899680715 
39.89433479425393 
39.81015156982447 
39.71409512684016 
40.81486896367778 
40.89359609484083 
41.85514381519564 
42.75492025543467 
42.38451784559685 
41.610110972706146 
41.59742121827532 
42.72572287890117 
42.69463097068008 
43.96922810969581 
45.35903320728863 
45.33516663219664 
44.97353102451138 
47.13099772313603 
50.05793685313769 
51.005648581819756 
50.89681925952912 
48.90784919963039 
49.45136817858309 
49.695922935278624 
49.812131569044986 
49.96325763078092 
50.36950732660848 
52.28600811800805 
53.56172532938787 
53.90646761068698 
53.49794711147566 
54.62744349086858 
55.45161003790575 
58.370365366451765 
60.788157033625765 
62.417832179152946 
62.40791092050892 
63.57773392282431 
64.36049743904195 
64.45367984719871 
64.73542185140569 
64.2650451011001 
64.90181083479892 
66.2648145630248 
68.24978599631092 
71.2111085103098 
72.69653639920281 
75.09511523044996 
73.44093666280692 
72.02532143225865 
72.9161755887394 
73.95141633689836 
76.06616379932451 
77.58288782705014 
77.98251137426762 
78.19531190180088 
80.21615389762623 
80.73269244130823 
80.66531820394637 
82.18629247863682 
83.1574355972882 
84.18492028267023 
84.96613950418153 
84.03677872656648 
85.83089930331741 
88.46885109415105 
90.00923455284844 
92.00971027116044 
92.57088443670949 
92.26377207347102 
93.37420366832562 
93.35866230430315 
90.77358280531665 
90.11254910965066 
90.63718969869403 
91.31203220857876 
90.68070556131691 
91.66930771734314 
94.75464060111165 
95.57136575215273 
94.57713724343745 
95.13828618065975 
95.58573550515894 
96.27810518702825 
98.07876752011242 
98.10204738274457 
98.78781490788893 
99.01069182277985 
98.56085981062603 
97.68590996582155 
97.42905053372749 
98.45997261016659 
100.06423827558521 
102.58585130220419 
104.59553850549267 
106.22026292579298 
106.34347193580537 
105.04026296738067 
104.38358519859833 
102.99290624934129 
103.2827155983506 
105.02156638951895 
106.09941786096063 
109.12178926814943 
110.36242769657252 
110.02541166841183 
109.51236016361244 
111.09617713279258 
112.77683198357394 
112.53259271538576 
113.3515984972834 
111.58316796254735 
111.4476017426432 
112.57525762800803 
111.72921278739653 
112.75417094847141 
112.73580695492443 
112.48304294591524 
112.72077072718946 
112.24133921990736 
114.59305342030996 
115.76255746106484 
113.56680207971525 
111.10886420066112 
111.77503599937181 
112.0810042591145 
111.31397152543151 
112.21288363261237 
112.50669996960553 
110.67530635661976 
109.1807852937504 
110.45179788208159 
111.85064225308369 
111.97691376947793 
110.84965185761124 
110.20039375212433 
109.73020728525148 
111.66020227058489 
111.09209187648783 
109.81016701523005 
108.3494009318564 
107.9609015595916 
109.21578198125977 
110.37579632515923 
111.08261205338158 
111.39575057445053 
112.45665741720146 
114.0488665139515 
114.96553818985367 
115.3083720616317 
114.48463630252718 
112.83531274828869 
113.02604195569255 
114.85739185965609 
115.36600095855711 
115.58850780775147 
113.10762428416137 
109.13315323634058 
107.1839120355971 
106.94270053906754 
108.8164715954004 
108.68906991035938 
107.83384826781514 
106.8840228088058 
107.60450105615271 
109.84258301758281 
112.47273316650701 
112.79210449991096 
116.0537344591191 
115.339739423058 
113.71987191061218 
110.85024875370894 
109.71119482867425 
110.0290041731571 
110.00142324496498 
110.152512413357 
109.95088628256039 
109.84180407876545 
110.67693142008932 
113.20069206396268 
114.42892876103518 
114.36951504838737 
113.15001568584815 
112.09166246688629 
113.21350828707254 
112.87588334550676 
113.83723023437237 
112.83228263357654 
110.43910702207768 
108.9266092824023 
110.5431754804971 
110.36193318063327 
112.58296396940163 
116.41774079502628 
117.61791169918118 
117.73089569972717 
118.96197202413174 
120.89538727787738 
121.01651907150868 
120.73413302937982 
121.82224185954735 
121.6687285949638 
119.28129713783937 
116.210573573991 
114.88872697510757 
116.18785856491611 
114.1146074098724 
110.84979041166146 
108.5248863823266 
108.71441140145748 
111.83909721802938 
114.59423101219942 
115.36352107642091 
116.83771290202739 
118.65474811822988 
120.8806529331336 
119.64357226553987 
119.1318374884904 
119.52940543962995 
121.58658401191711 
123.49974291220502 
124.22890278950933 
120.46865001762337 
115.98661136337829 
113.8416587602722 
114.40104397942918 
114.24150222404015 
113.02098397936415 
111.78516268307415 
112.88571445629569 
112.91532876690499 
113.9931915630404 
115.15048760768248 
117.37481503768606 
119.20406625592416 
118.67481837563238 
116.89364001409523 
116.31000752612705 
117.10943357510862 
116.35747212129397 
115.19446044037011 
114.53524610019026 
114.88554666551218 
116.26582158801942 
118.30850202015894 
121.54771882943072 
124.46678567666576 
124.12156154415713 
122.21136409303953 
120.73302722547075 
119.11833830372927 
116.33506028252165 
116.37771605244929 
115.90466130477591 
115.1339483601243 
116.17440329131199 
115.16645201538125 
114.6350970064701 
115.00781226523992 
115.87573588429842 
117.15282401336542 
116.66846455893305 
115.61604511763257 
115.83253717972684 
116.8192222271026 
117.10950575797827 
113.77619460232133 
110.44106955940266 
110.13449803411919 
110.50380065805601 
110.53582492796185 
113.53009832849796 
114.04009763266565 
115.00783460425278 
115.0280815061823 
112.89552565372362 
111.73227274794498 
111.64686713288017 
111.73138729131837 
114.25070820347898 
116.90760798661154 
119.41131747939438 
122.35694955502028 
123.79482779298348 
122.97665223492274 
121.82588214621201 
119.77294797401342 
119.06998133372315 
119.14719650471146 
120.61737956387435 
119.41424095185187 
118.82894135975357 
119.73410308874055 
119.94200755417863 
119.63068417348944 
118.19967816370956 
115.29566628343497 
115.03745906298448 
114.20208336468538 
115.31721469931892 
115.0641614842682 
113.81678017040683 
112.53261582770193 
110.05492355493931 
108.23711678955146 
107.78280929866858 
107.70715422873496 
107.53599935255636 
107.20042848982084 
107.80818249167805 
112.16841785862891 
114.10188356348317 
112.83083333823689 
112.086025143299 
111.37298386245445 
111.47395913642568 
111.78787858699131 
111.64463762012214 
112.4786574343241 
111.76619628841785 
113.75216135083656 
114.44844129007235 
114.67834341018222 
115.93283045522 
116.9801377843556 
119.84530363242934 
120.81572465088432 
121.2338086956586 
122.74474850991771 
123.79157109705754 
122.29556614109119 
121.25755582612886 
118.0076959868471 
115.44738223711538 
113.46995140443853 
112.69367711249558 
113.51124393099703 
112.478665225585 
112.010117062924 
111.55481839451087 
112.35552084678433 
112.13080104044973 
110.11584244590289 
112.479793063524 
114.8966732784062 
116.1840174752122 
116.16236669807542 
115.57215282358307 
115.19233542290165 
115.95723129909977 
117.5922699869957 
118.48660154172897 
119.5254219558917 
119.38853854050073 
119.14576106967773 
119.27827045309569 
120.61750737157575 
120.34514132051233 
118.3481929426176 
117.24701184194876 
117.5673172931577 
116.33227729038582 
115.76480396717022 
116.53280481165372 
117.05061052919591 
118.0824434706063 
117.68423426794561 
117.63390174625928 
115.29861121297311 
113.38025250294342 
112.5258176895418 
114.28895170804286 
115.12004223458455 
115.27739398689886 
117.19275240830693 
117.32031755394978 
114.90597289335984 
114.35943775575618 
115.4328516806562 
114.67144896741414 
114.55708329138382 
113.64227330788866 
113.70170266215682 
114.06410417053412 
114.55627285162335 
115.05691324572092 
113.90435148613939 
113.00061945594584 
112.22133778398747 
112.53415542585886 
112.76013335990318 
113.10643784909948 
114.84255484935322 
116.74777181310363 
116.76819236578976 
113.93371120665701 
113.9625977035922 
116.3839370261383 
117.54326631911088 
118.86225329749257 
118.27489205372835 
118.14995659104595 
115.80890351762149 
114.08988758597299 
112.67999843937912 
112.08651789735936 
110.82723159177897 
107.86052153562869 
107.00159289070504 
107.434920206159 
106.30092398858805 
105.5618419128357 
105.89470823503382 
107.50046802655363 
108.72483687247912 
108.9434371400314 
108.28414102576787 
109.28577896482841 
109.40471724360017 
108.46637105636616 
107.25243506784693 
106.3838310626978 
106.5284739793114 
106.46284115249591 
105.87951459265932 
106.44581134726677 
109.16214552433755 
113.24122300097815 
114.226869621197 
114.20414222372125 
114.14234460572744 
114.4178512877333 
114.42924286558322 
114.96174511062412 
113.88970014572745 
115.665359807107 
121.13460691968527 
121.42402452415891 
120.32401557603713 
120.7837680300226 
120.68343354519808 
119.66407734042492 
116.97151346799431 
117.21371801883046 
119.37603544842086 
120.10013113686469 
120.93453960361255 
120.27712144667818 
121.3107650427872 
119.21378346928235 
115.15230811313104 
112.03491727556796 
110.23515312027418 
110.66130778865339 
112.4807852655176 
115.90047733768746 
118.65443892018281 
119.88949792359458 
120.73948162031505 
121.68558163642395 
123.54096734595905 
122.41038173818276 
119.1626562773851 
117.77481147608799 
115.93835584279613 
114.1386219007062 
113.9220579785571 
114.85090697628415 
116.56337156983194 
117.56598433906186 
117.89179096027163 
119.30110327853728 
120.81838924799173 
118.82025371013411 
116.77163754534259 
119.22206904964068 
119.55104920134266 
117.97510713919671 
116.7661076333912 
116.89036177973423 
116.70852693367357 
116.28642771925445 
115.04859057503701 
115.70141818152733 
115.28016175685667 
114.43143434237494 
115.42238024272075 
117.4039549784223 
120.13093936828632 
123.01277697899896 
122.13134932045216 
120.2956376050846 
119.7680102284707 
119.15491858125858 
119.27112662840845 
121.5258539924852 
121.84217444274145 
120.5741585101463 
120.00481450154962 
119.41942843323001 
119.05005132752528 
118.35280847248792 
118.03689331807504 
117.18049574492201 
116.14692723068428 
116.3883758702408 
116.46733887976497 
115.87804939986093 
113.93511030688838 
111.85728245080928 
111.97304193443065 
112.02067999439517 
112.53659179012305 
113.76979796549179 
115.49546297813308 
117.38576485319267 
118.05871997355078 
116.78160869251326 
115.34565233557804 
115.09053792157343 
114.79187181403216 
115.82206343084076 
116.39398158958802 
114.98857058518435 
114.33673128455004 
114.5308195902081 
116.65989470090662 
118.74336981089178 
119.42884366072269 
119.63698100742937 
120.59027653048831 
117.99988167867389 
115.43935740948106 
115.39799058254367 
114.39044613327756 
113.46823356759928 
113.6374286510464 
111.47852126365068 
111.1167283659073 
110.29526699615536 
109.75922498704855 
110.76256768619656 
110.47916224559667 
109.37322109710172 
108.05046472040155 
106.90051511739836 
107.6611294201491 
108.78033518555934 
108.58094321475558 
106.23225420445333 
106.29041655371809 
108.29288659664577 
111.51476652475348 
114.90150273191756 
116.34597496928971 
115.85312209021299 
116.27962093555995 
118.44138445233887 
121.16108575542891 
123.89543210482177 
125.66727436838721 
125.84605732322895 
124.10781093833236 
124.59511988100103 
126.02306827491442 
124.05754275026905 
121.6323223547963 
120.7088897363408 
119.51498128548101 
119.6266387774861 
120.52012190914101 
122.61672646184107 
123.92124717566813 
122.95785756815148 
120.99536922388806 
120.43470126720167 
120.43998032375431 
120.5369603451768 
120.03850858224449 
120.42214466410661 
118.41159834798587 
115.62336714645055 
114.83466643520343 
114.06722063938929 
114.1164778933673 
113.12333922821438 
112.38541817701986 
113.2051056717403 
114.14158930707569 
115.35716557204651 
116.06188017917248 
114.81142851781941 
114.2943531638775 
115.47023301239523 
116.73986746824406 
116.59747655756479 
115.47231478756403 
116.36532913284229 
117.30848389128906 
116.943380565815 
115.30008735588662 
114.31078056543795 
113.99837938379912 
114.25146828864968 
113.5606962175922 
114.45638036176376 
116.26450691159572 
116.05057261227051 
115.08952543285932 
113.38652976072034 
112.46881586864927 
113.53839921271133 
114.52588829116097 
113.88152500779188 
113.71029775994538 
111.92067195727863 
111.98411400011206 
113.5810480539614 
116.56411187303218 
117.30671108237968 
118.59126901895723 
118.53315003694009 
118.82532929781424 
119.72245472894724 
119.7437465190252 
119.07018841256874 
118.25354599201279 
116.67061129731967 
114.51719193249149 
113.33208039921885 
113.31091536341734 
111.59957429292655 
110.56439421540557 
111.62903411394088 
112.38082394875248 
112.72808980048414 
113.03425635676562 
112.81780136046821 
113.56604755874993 
114.30327417108612 
114.70269676695474 
113.83932649063941 
112.42798672958058 
113.05084105445943 
114.29319889078157 
112.50229511503248 
111.4254815320321 
112.0156592371075 
114.60134302826944 
116.81556061026288 
119.78394771943184 
120.79145496456086 
121.02526886901491 
119.11130616952863 
119.23841242813421 
119.27227644430289 
117.74995142117065 
116.75721732106636 
115.61446336300399 
116.3051865635048 
114.82373950396395 
111.9802010313732 
111.21438117145898 
111.1252431592643 
112.04658477232904 
112.80595985259419 
112.58331488087622 
112.02366712143063 
110.73014631823233 
109.51137426565012 
109.89288806190386 
110.66756433961598 
111.09634315073836 
112.23779080070578 
112.40289438530796 
113.48316241383488 
112.18410363859846 
109.36521571435921 
108.00310744203807 
109.22784958124336 
112.2233319166014 
113.98217688375729 
113.13018940062439 
112.0652423073072 
111.1506583765734 
111.18974699653737 
111.3467194429006 
109.60676668530573 
109.94853332148057 
109.64472678154404 
107.50305011220973 
105.98796030928477 
108.03774217102885 
109.83121542068668 
112.51412529547375 
112.2682726794773 
114.14692365863915 
113.94183999411908 
113.70368326291633 
112.87452949895021 
112.1449571771526 
113.1956624641623 
115.13374210369453 
116.51178806539174 
117.43247720522164 
117.53076271642809 
117.58015827399345 
118.06030709140678 
118.14026053419572 
115.62039512828133 
114.17684018422845 
113.91754518443989 
112.4981904752058 
111.5179532854722 
112.08388944987007 
114.16973289119 
118.01989858959458 
118.48722158668913 
116.89046403715534 
115.42940957619673 
116.01210135266376 
116.29477563027903 
114.74020561871646 
113.21821783232778 
110.06333190211527 
107.35424425743716 
108.52140359797188 
111.74509511676064 
113.02320354488812 
116.22252546475144 
120.44631059723618 
123.00180634273254 
123.48620539374909 
119.85699855013118 
116.73024704733693 
115.2191081132731 
114.51010371173804 
114.89212349434017 
114.81468786651484 
115.65195078476823 
116.45208435207641 
117.66104549374832 
119.03950225969177 
117.65045610845881 
115.6386806851544 
112.88327591722143 
110.16930028891726 
109.0441163131822 
111.47229691414395 
111.40927811742527 
110.82097667884412 
111.74222696803272 
114.85989426913252 
116.0135446634934 
118.1969662072904 
117.57908004352825 
115.37529513924444 
113.58274935667924 
112.41358622335405 
112.39209636095855 
111.38972186623153 
111.28397443642145 
112.00739729170787 
109.74936142286082 
110.77866616529404 
114.20548934600622 
115.11556273650172 
117.70146969758038 
118.43566628845602 
119.9168552376312 
119.83739115240546 
117.06600438265167 
113.41600795558813 
113.51051195328255 
115.14420888377055 
116.46581846456779 
117.07149503792155 
118.12012436352676 
116.92643917597309 
114.96514222876415 
113.78711055388194 
112.10589288378303 
112.4028531229041 
111.87276918912542 
111.80440686926585 
112.81273436944933 
113.53659996454954 
114.58165623337872 
115.18095356090383 
115.83665091322219 
115.37043019418296 
113.95532076801321 
113.89232462288659 
114.42587398395735 
114.72724383755065 
114.5807492426089 
113.09845696982015 
112.17803909338123 
108.1112835987782 
107.84667703413336 
109.45619298443165 
109.98110924678903 
108.95927906275007 
110.21461313234883 
111.59454355355783 
113.85671969202113 
117.29541756725021 
117.62159402046633 
117.11930540370481 
116.96271229047174 
115.7243092784915 
116.0437379753109 
115.18704671649363 
114.96608799676027 
114.91649331228297 
115.40511172283364 
117.645475386235 
117.50474733059521 
117.57075685860524 
118.82183229797393 
119.74998620536132 
121.84677892047226 
121.18717319341867 
120.01743552922892 
119.61328568910062 
119.52547452776862 
119.65414816399885 
119.569289654553 
119.05077080424486 
118.30291235250681 
117.460206377947 
116.84289366068306 
116.48937309384081 
116.28677822374699 
116.4170711945059 
114.89728203681386 
112.80238841572023 
111.11247387660866 
110.46136531147849 
110.77200213496506 
111.0620175047151 
111.54121288695762 
112.32985516518909 
113.49492546967636 
116.04616168505538 
117.15103402857216 
119.07445427329748 
118.48587676608156 
117.4070741293317 
117.35519889492306 
115.7469156382247 
114.9698596025795 
114.62553746628161 
115.87413720527753 
118.09162490424463 
117.48967340108682 
117.77401881963927 
119.08511408657087 
118.01900810785325 
118.00132896284178 
118.20918407121918 
117.47042169512551 
116.39424706799932 
115.31774468505431 
114.29530833718827 
111.32372103094932 
108.53061525945286 
109.62694879981336 
110.4053874300192 
109.47825160857204 
108.61390256668953 
109.89867094912503 
109.89850270250984 
108.98212951625938 
107.68772730933324 
107.97746322986224 
108.53878936651292 
109.85817479105475 
110.28963331812402 
109.7843840030622 
110.92064409372189 
112.08371417943854 
113.28981959431998 
114.9686507390933 
115.73681871905431 
116.63758899777513 
117.74774318860572 
117.49704024065963 
113.85066830606661 
113.96113726391316 
114.65511736428692 
113.18614348723419 
111.90245305048914 
111.11699093942504 
111.84759916181022 
112.52358751542546 
112.20948156052319 
112.21432103682707 
114.66541096264783 
115.64555113979978 
116.00894506427879 
117.25308447924775 
118.19654039808538 
117.16663238562678 
116.52840642000162 
116.32724535327571 
117.46552355626973 
119.35497414175013 
119.60958554400055 
119.60584031821173 
119.73927676089403 
119.65447434294785 
121.15072924463504 
122.32897694075163 
125.69982460282993 
127.49672147810485 
125.52839378974696 
124.81951272455808 
121.22187350092426 
117.86673491529618 
117.04050105923261 
120.02264991122374 
122.18978181956518 
122.66350939305148 
120.40184310721412 
118.74895602378696 
117.85111492891207 
116.69340267431083 
116.14145702064332 
117.46661884432176 
120.26243830543655 
120.59656689041891 
118.8055015720473 
117.11041896604641 
118.38817065839069 
118.41536923017371 
117.57830210149399 
115.51575103337932 
114.51180522711562 
112.77349627594452 
111.34772362597612 
111.96218824109532 
112.35497530060819 
113.01801367604104 
112.92086369936975 
112.83487788545234 
113.34076436011826 
113.9886302169459 
114.54424940912216 
117.00678007197027 
119.43632050925426 
120.18083471872164 
118.85937559116334 
118.70700349527168 
117.84404248765652 
117.04487001116809 
116.23894003131718 
115.73527150789133 
114.61237183001987 
115.63182916238794 
116.50883435271413 
115.31289103527024 
112.37727137716155 
112.18266730787236 
113.13108283372236 
114.17258181548857 
114.0532053865238 
115.41097481250979 
115.79862746814769 
115.43043273839565 
113.5508743239309 
113.36178142020724 
112.09576280214874 
113.09261044693874 
115.54839063949653 
115.33009793827674 
114.82300784558049 
116.73779935850716 
118.12632711947853 
118.78258971027245 
118.50870189847763 
118.85404617601864 
117.02671120588819 
113.66735986533095 
112.2244141656706 
112.01247451311689 
110.80178273475528 
110.43770906320835 
110.80454401358689 
109.9675678718887 
109.20952163597384 
109.07764165179947 
108.90103454064835 
108.77297535280256 
110.35400074014005 
110.29513671332792 
111.57620312049708 
114.02363231633952 
117.25124325171402 
118.75872363031267 
117.4127456251391 
114.41788749785667 
111.67108838717522 
108.66451841450753 
107.64924444658934 
109.72613695597038 
111.84048189596673 
111.44146262231392 
111.13957781371533 
114.37887351248617 
116.86206416157786 
118.99246932761764 
117.25200580272895 
115.59293049610972 
116.67437191134097 
118.45315976408344 
118.00155700183517 
116.31392143739669 
115.80858906200528 
114.09331957292817 
113.25409077114321 
110.7106289847998 
107.902032612427 
107.69300550156429 
108.08754058176085 
108.82202807260677 
110.31704775149922 
112.78151694399354 
116.42636635364734 
119.12826354589588 
117.41826232677337 
115.52448698516753 
117.14018450145097 
118.76208709188954 
119.03031704565286 
119.6927245274452 
118.00976902402887 
118.68511243835118 
118.13443207372661 
118.8678428651111 
119.47555761474665 
117.67946207736661 
117.4261041701135 
118.37747877643721 
118.66187424256238 
118.58619694236835 
116.94067235404849 
115.88006313863008 
115.62992249397367 
114.90782059284302 
115.00190406896469 
111.74687208534712 
110.43563793493097 
110.37629427665509 
110.19752092441804 
109.18028535030132 
108.94523683472632 
111.08524618512207 
111.62346659251325 
112.68961332741621 
113.18546555036681 
113.72714265062343 
112.6256001415647 
112.85843136856681 
113.12975490742276 
113.48511335574496 
112.85517274315524 
112.64123929144687 
110.02857166554257 
109.04127416708155 
108.28298760508063 
107.8600415847019 
108.29730337433247 
109.05692673626199 
109.53982188072094 
110.89786114032947 
113.82949224037671 
116.47163545632608 
116.61326041508981 
113.49182831519434 
111.69889643208002 
110.78962575019739 
112.4352970555157 
111.32895168554462 
110.9634779337884 
111.5674944005346 
112.3234058039098 
113.90877552215176 
114.13748752277017 
112.96625668769701 
109.43579834432546 
107.07862326000755 
105.81420659914583 
105.16397071799359 
108.27970616491214 
110.9623250317281 
111.53091059828145 
111.92663815889819 
112.97881408769422 
114.39123381976457 
113.75437206589648 
112.15966528558528 
114.04532627232969 
115.74136074525144 
114.62459510392915 
113.97898233926408 
112.99611547323093 
113.83505038408732 
115.97134376732689 
118.31862255342243 
120.26803516024147 
121.6716986024085 
122.26278529415913 
123.23197681689683 
120.86673493793518 
118.32711329497161 
118.66232826682672 
118.31984220638363 
118.05211913879782 
118.23021911952344 
117.54239437295385 
117.50960745316924 
116.96727162568314 
117.93356809399835 
117.36751793426757 
116.73495177183919 
117.76473497384983 
119.91724058115653 
120.78625611073072 
119.51493762635792 
118.06588272489861 
116.47142473492617 
117.04011690188918 
119.83194928109359 
123.42534504724769 
125.40595298874614 
124.7027780598467 
125.39426972021037 
126.3343501916272 
126.41771469174685 
125.3904907488379 
121.01370640334932 
119.26028861442815 
120.11084770726677 
120.15681289164809 
120.6292198833837 
119.6391585589821 
119.13583938315367 
117.8407254209017 
115.44890605791696 
113.90965040649347 
113.62814687116172 
115.03835473601282 
115.98753812701521 
116.65978577917188 
114.41669900421141 
112.90966966731688 
114.16824587030086 
112.43114470338926 
112.14057737047212 
113.28664927721022 
114.13424886822179 
116.40153898949457 
118.31348190516597 
118.77221363814384 
119.09653497280941 
119.85931284519802 
118.81701214213311 
114.02707714237378 
111.03291567015404 
109.91725946457245 
109.68997180793812 
109.55041181998789 
110.80748797785161 
111.28089059582193 
110.60396462691861 
111.29028643053326 
110.48654804602563 
109.19185248751616 
109.98423169991716 
112.72330513568338 
112.93334101239725 
110.99314212669829 
109.7431983517746 
110.5433113080731 
110.45206945288642 
112.73284418750666 
113.38473202271997 
114.7354083306363 
115.74237446028908 
115.91930782553706 
115.11281616210393 
112.83981328788407 
112.9624212186812 
113.04720980131528 
111.79165413451119 
111.45192106230468 
110.54024081227851 
108.44471220584383 
108.09437700983237 
107.62974308393383 
107.55692018331648 
106.90395191056164 
106.35439550796632 
104.98284968335489 
104.505603460713 
105.87285009042576 
107.81623096011941 
111.73140516798948 
114.62825075372572 
115.31458953317153 
114.35917140673735 
114.66205978562196 
114.53975148148929 
113.38283106417705 
111.10377882076972 
112.34395672995427 
115.29946882597326 
115.65383347725744 
113.59247234439755 
112.85856813493665 
111.38228227318068 
110.71102954266307 
111.34230020166868 
113.01290842760694 
114.09141397760379 
114.60342417013374 
118.09748428587694 
119.92663599874015 
119.94186047130547 
119.04245080308428 
120.86275075239931 
120.41101319210993 
118.78181391579139 
117.31875783077031 
116.54124417282587 
117.82856473155503 
118.78820247234069 
119.19319525280777 
119.06633224520725 
117.75644856533809 
117.80799102409844 
116.83103465906746 
116.2793069074942 
115.79082701390934 
113.5592570421261 
111.72309412640064 
112.46191928222355 
112.12615449637751 
110.69773907116445 
110.85830140029472 
112.36149707840329 
112.60156199203985 
113.75397765799663 
112.91119367176704 
111.13143041423636 
108.6866256318065 
107.32368197346648 
108.1110374619121 
110.9721928873052 
112.85585527543971 
113.85193633540699 
113.27816048369371 
112.14270450587553 
112.0758211199966 
111.76014285331019 
112.22970771125706 
111.1100610451022 
110.08451612893005 
109.74150226742486 
109.83037075048478 
109.9609259823406 
108.57104618851895 
107.24845501540845 
105.84531051616199 
105.78317300578577 
105.9355225685695 
106.73212044609605 
107.82777472277337 
109.59705087405747 
111.67650973760121 
112.44011665128288 
111.58429297312216 
107.69480347034357 
102.81043813694359 
101.02222811816388 
101.88416600463682 
104.03700163724015 
106.22849197356754 
107.44085420810525 
106.961946762477 
109.99301507150082 
113.29834147620895 
113.87829296201517 
114.32011303782281 
116.00189152314373 
116.58586467825657 
115.87318440650992 
112.41357479617672 
108.83058549187517 
106.86316257394407 
105.51323825654758 
105.34774433655627 
106.23496113846952 
104.93215585506199 
106.5155329682603 
105.61555424510237 
105.18222949495745 
106.77286766815978 
107.50086684521841 
106.525828555815 
106.21269400134635 
108.28997729953326 
108.74134466923 
107.52562165324373 
108.59087809620347 
106.98826492071055 
107.40990575643036 
108.61420141772763 
109.83688982903344 
110.58051720949817 
111.21132879015192 
109.88239383153022 
110.01211688321177 
110.71077300962605 
111.58312890000158 
113.18515957719065 
111.59839559627675 
111.67143561262303 
113.21543993932886 
115.666145584509 
117.88617823057382 
118.98763283578712 
116.72058377445003 
114.15716840553489 
113.13783574681992 
114.2874149986001 
115.18064928194497 
116.67906812922868 
116.96381395816057 
116.31149560711374 
115.98965465581118 
114.56751041378799 
113.64749943306148 
113.59818727692594 
112.27463077105415 
111.26972205595253 
111.95022377245341 
113.12823927557504 
112.65796102980846 
111.23373460458092 
110.17644631163215 
110.61877209061772 
110.43251693947815 
111.48350021762305 
109.79518548409862 
112.58726074969984 
114.38037526040085 
116.9041478621629 
119.46993889548638 
118.30379745961307 
116.82628646987008 
117.0462626560501 
115.19314503611804 
113.22196320236174 
111.32729585582014 
108.05356099118676 
105.60842142438729 
104.92475826407727 
105.15281660051305 
106.22608974398264 
105.83272649316365 
106.24823153098174 
107.66937414091072 
110.05113232836372 
112.43989715804024 
114.10730232534704 
115.65854170774398 
117.36040724114325 
117.56920271273016 
118.20756901237894 
117.6710223866426 
115.8224357265018 
114.32280518137303 
114.31341149644794 
114.69166154698453 
114.51254295383931 
112.80367542832 
111.41789120189493 
111.48500508622264 
112.43409958737942 
110.02313210670663 
111.2705867185918 
114.41007804667707 
116.27879901239136 
113.78114240574193 
110.66292911083357 
111.42709008739212 
111.34731746417314 
111.05902709562146 
111.87051414015775 
112.08961813000377 
111.98439716301031 
112.14406114899211 
112.96939850591377 
113.60850705387935 
114.38054766817747 
114.16621356247887 
113.20887614142637 
113.27324091245843 
112.29396391679678 
111.73137167292008 
112.41857727397782 
114.78969965108017 
115.7489996551186 
116.54185838838161 
117.68636989003755 
118.50269245199361 
118.89787115315411 
120.3439864944208 
121.69090490175483 
123.72306047005296 
125.51503526352893 
125.44603858797387 
123.57851704312837 
123.36822303398348 
121.9342141338404 
120.75877874326986 
117.44821186778157 
115.56594727323058 
116.15150667181982 
116.57250122861446 
116.42271884751506 
116.55397397747805 
117.73855519000566 
118.41520032195925 
118.91700745308312 
118.72952446545116 
117.15176211766206 
114.26593388534297 
111.54987298278411 
111.44755064564303 
112.47089424055837 
114.26152048853157 
116.64137464911855 
114.66747772927047 
111.51255157977795 
111.74033570399467 
112.32409200053404 
113.7697655589112 
113.43587985544073 
111.51132558844695 
110.9773201346914 
112.20982104079395 
115.42733802397345 
114.90493083007344 
114.14641360301461 
115.03825126610006 
116.90601044941043 
118.24198517984892 
119.18072653867782 
119.78583584801578 
118.79445404786159 
117.33026383409882 
115.84103630922155 
115.97181689161206 
115.98582083686728 
117.08786342048671 
119.55873596540499 
121.06387601734014 
119.95898376336879 
116.93717675930804 
115.50171518674556 
114.49622502995564 
114.48586394007424 
114.51207939095414 
113.86429563426324 
113.63271026093258 
114.0466525349432 
115.70075479792476 
117.02771942200765 
118.40668726209032 
120.12392803862677 
121.11223653261416 
122.54590760127854 
121.10131017683382 
121.96859880210741 
123.53329002192261 
123.88579161706927 
122.22673381704745 
121.47058699674407 
121.43988609581541 
123.66515933106851 
124.32105048765398 
122.66204743671605 
119.99361195823815 
117.26859432938623 
115.60773081176363 
112.8030066992831 
111.21746263006929 
108.73963567855273 
107.48454386222959 
108.20621913942625 
106.59854605363887 
105.95698694324759 
107.22476080425369 
109.35662329829037 
111.4690324871143 
114.46191693656557 
117.74392101562326 
120.28591135535824 
122.35725818107579 
123.59800536351435 
122.11427495438211 
121.85290079096849 
123.53112137217079 
124.51306616623772 
125.33171244271703 
124.51690163267962 
122.83913301916367 
121.31115663201538 
119.96155583044367 
118.88319498588353 
120.90396532254218 
119.94997303163855 
119.3533543530073 
119.42327315397526 
118.50032916310444 
117.37709318377908 
117.0759654157309 
114.82670011409994 
111.72714820551421 
109.97921804646433 
109.72134712713155 
111.36081773635604 
111.67388163192335 
112.27072806244212 
112.55781300492907 
111.55968678298908 
111.26817129136185 
110.61005236934604 
111.2136611507364 
110.66185281104266 
108.14462592570447 
108.09766573801319 
111.3537493760015 
113.54138888220228 
113.03822021682642 
113.05159357641466 
114.66088302866434 
116.27579545061572 
116.47438544854539 
117.06835864794103 
117.50628268573794 
119.64503431167053 
121.06632185719697 
119.57292949868625 
117.13006657011226 
116.45566954669751 
117.20740936177792 
118.93082997129655 
118.33720671811423 
116.86279082767146 
114.57830942682655 
113.11409660021788 
113.63725318871218 
113.65141046887186 
111.36745818689575 
109.46455287524668 
109.88187930547099 
111.32025416201775 
113.52294285161135 
114.77209943982871 
117.56702645386207 
119.55872964209584 
119.14536980324885 
118.43337436244457 
119.44014111469978 
118.7361491579002 
118.67659257379245 
120.65290115599055 
122.1554833705676 
120.78546445396535 
118.41181432334275 
116.3496719551686 
115.64708197029123 
114.8726162070778 
115.9846992896109 
116.75521716661062 
117.3416739375184 
117.96772872446877 
116.1396604299786 
116.07716807416723 
116.62783886811022 
116.99395429187489 
115.223651698471 
114.78317672606372 
115.20022396970933 
114.89944856246916 
116.19754714230464 
116.31206960183074 
118.68637060477806 
119.16663490611812 
116.92367005551417 
116.06476084370507 
115.35109640182219 
114.62285693282867 
112.80166893686925 
112.50024266259433 
113.32556770717731 
113.59467771272067 
112.29378166687819 
111.62808084126364 
111.31083435703002 
110.58070396674165 
111.80054809947468 
113.74771786873312 
114.47174827831148 
115.35286135012828 
115.27037461822907 
115.62575693823196 
116.0448636004832 
116.31132627635641 
117.38643075422092 
117.39379247431201 
116.45302853415811 
115.38387812216861 
113.41775069552646 
112.98457290391228 
112.67427459911713 
107.65503929896207 
105.04970473196371 
104.71128860604395 
103.41427235098728 
103.16505449808832 
104.6286674000364 
106.88183021570497 
107.8450109691317 
107.52642308041621 
107.17193005724162 
108.82104115807897 
108.67610281797221 
110.61759934596124 
113.14330360538595 
114.210981839055 
115.22594605763848 
115.8297615889195 
116.2683740388475 
116.56651406157935 
114.85348192974003 
115.14575558571605 
116.35449363935523 
118.87265970701468 
121.09386746463215 
122.61287932759194 
120.20016298363126 
120.42554867004368 
121.02394198136236 
120.62083942658471 
118.64626065646934 
118.46486319404848 
117.34633393075013 
114.79637229932949 
113.53117691175368 
113.82054031843015 
114.9027282357197 
115.45261178294224 
116.53637759016439 
117.17354510338622 
116.9456566449459 
114.97079489264303 
113.9953769549389 
115.11331299797816 
115.70542692853275 
115.77353754071983 
115.22656841933134 
117.00078738925835 
118.2489139913824 
118.09656540606588 
118.2016740972193 
118.07768102235744 
119.42056989684046 
120.75701375897606 
119.56313069451984 
119.77861522972476 
119.25800185043488 
117.4117657966362 
117.40114449017476 
117.14945566962936 
117.02725662804086 
117.18934643869504 
116.93339541521455 
115.98576628780219 
117.156186106112 
116.39419239346492 
114.85655049109722 
114.458819846865 
114.82364712523012 
113.69784721003904 
114.90899868776543 
118.04090891598683 
120.4808107677142 
123.83724935785847 
125.16642344847097 
124.11322791208086 
122.64128033917768 
121.60586305819037 
123.31423032782759 
124.64954509209811 
125.36073431031443 
124.03518504958586 
122.16073412011728 
121.26542792854482 
119.52755568114786 
118.22495351064082 
118.91622965491597 
119.84398028079538 
119.77123955649729 
118.66428071958845 
118.66207602149855 
116.318678885993 
115.0223172024706 
114.4886644635007 
114.01037506946479 
114.17821131424543 
116.0479594626499 
116.4064033993532 
114.16267819882373 
111.99401094287384 
111.06025730927794 
112.50247591944151 
113.16490342120687 
113.73755337255 
113.4218849674584 
114.53974710366269 
113.88522829990974 
115.05459910384468 
115.51229589767696 
115.89473269058277 
117.41234488021286 
116.5739499346827 
113.31361735674373 
111.74105665586349 
109.9140728947566 
109.0981900520513 
110.39149013743393 
110.85015454864694 
112.66294036160855 
113.36115396631045 
114.92719971988164 
115.93127753779719 
115.21842750239887 
113.01066419370314 
110.76563129448138 
111.38948085251786 
111.47053303946538 
112.25107752874887 
114.45991699979173 
115.69134460137423 
118.64032402374323 
119.70013132189243 
118.73595724114791 
118.00454650759056 
115.79875489883224 
113.73408254572747 
113.95179189196553 
113.50655191988227 
111.59600174236301 
111.7007914643673 
110.7234258088995 
111.57275401405106 
115.65399412366372 
118.70198337579129 
116.26419679476248 
116.18943376237686 
117.02587565981497 
117.87729093002513 
117.03788443560924 
115.22047649270037 
116.25158845170306 
117.61652215831349 
117.44191973999902 
117.51987401494021 
118.10899049761565 
116.72106241138981 
116.15581577970534 
118.00488385814612 
118.72130355767804 
118.58350379663344 
118.364564348551 
117.50341522459996 
118.34596363822719 
117.2104035656699 
117.04763036354507 
117.99490109873065 
119.38413435787025 
119.63831926395513 
118.11605698870599 
115.53585469722482 
113.85072047643352 
110.93656562873987 
107.29719330945585 
106.25132063448848 
106.9418281921546 
109.77886704354579 
111.58764513909773 
113.33518696361772 
115.12549563097139 
114.74013295660374 
113.9622071328159 
113.47117746558223 
112.192379264523 
112.02697198089274 
113.84043878730088 
115.270938479501 
115.52112102431059 
115.69122344228757 
118.29707972293357 
119.42289955016504 
116.77500903147045 
113.44117152429149 
112.09087754151682 
112.3988892698211 
113.47326831595001 
114.25742315927639 
113.49451165413562 
114.47497321825914 
114.26519928116507 
114.76021181807879 
116.16933348570919 
118.28804425636972 
119.74219157471018 
122.18552221331632 
122.63675366506762 
122.70614721447862 
119.96031570241458 
117.40486323796888 
116.3035875992385 
115.49692920851982 
115.779570925884 
115.41065208652202 
116.29885990133589 
117.17258687425783 
116.98314385456843 
116.06507626107893 
115.19295889318612 
114.63606120213487 
116.4874475631187 
117.16929388281854 
113.7690213753961 
112.1206557277513 
112.57311874432914 
112.21126815250383 
113.31248894152715 
113.15961934562462 
115.8341672417919 
118.2251545393284 
119.44261439296528 
119.52491504421336 
120.46220719874245 
121.50672900971794 
120.31236035849163 
116.02384667246099 
114.96787523851187 
114.34944521632804 
113.44969507734908 
112.74458266819249 
114.65477410547459 
115.61881054512386 
114.2855516949415 
114.1123304670973 
115.08692763641963 
116.1383820871382 
116.11651371230411 
117.2461379544029 
119.00193839723119 
118.5848525306136 
119.16822018795975 
120.84118893959443 
120.72068114134994 
121.3842397531955 
122.01586749089562 
124.51068525081267 
124.48340539539419 
123.42802643450678 
123.30963839313308 
120.2633196581005 
115.59249093318458 
113.37587243545521 
114.59985016451414 
116.35109877533196 
118.67103053521025 
120.99302441396466 
122.53292876773203 
123.4454503057382 
124.26424701849245 
123.08242029837027 
122.08929010041683 
121.93080479502842 
120.17298777537546 
119.63114270437282 
120.90930538661281 
120.80822865796162 
118.64303384183158 
117.44403311275518 
117.1596307631895 
116.31965847216084 
115.0856364198056 
112.91886100072821 
110.52872816020218 
110.59513750651307 
109.03057134022949 
106.55224278446971 
104.36300857101949 
102.14421275377025 
100.38522354334667 
100.92036560594745 
101.55675270281584 
102.03845873718895 
103.6415369305907 
103.48685524499466 
104.04708149691635 
106.58943985359144 
109.74818326142432 
111.9077414548764 
112.82740563526137 
114.24838467544593 
115.76449886285499 
116.70851573939939 
116.92328868249166 
117.89605478419989 
118.68308633610208 
119.08059283120197 
117.04977655549803 
115.9256448171475 
114.0043150627185 
113.26350230058773 
113.26285546137305 
114.3311339733055 
114.72000315328145 
113.23914617042452 
110.85374932231524 
107.85195667109966 
104.20012408309351 
103.41845627371107 
104.53634574983298 
105.41276983825195 
105.00315572245596 
103.252294315693 
102.5845831588433 
102.83408832110305 
103.51238361018378 
103.59010913942535 
103.45721721610192 
103.80581183941725 
103.66884888537919 
103.37338978791041 
106.95337303218763 
108.83892682760835 
110.50057805443024 
111.27119986670345 
111.64682472558091 
109.72466981551436 
110.04896654946282 
110.9385871839206 
108.53169606033853 
107.07266552095223 
105.83163914050023 
106.75829396481335 
109.0609081145905 
109.6459826898412 
111.83494779789397 
115.7402282372091 
118.74107060831986 
119.46129626361201 
118.74641941761715 
117.82757261321899 
115.18936017723522 
113.2697942879599 
113.82208244454384 
115.00185527580446 
116.0901441035697 
114.78892475087707 
111.95902757240235 
110.45862514256466 
111.75211533630318 
113.81827885733667 
115.66802122821954 
115.64280658420988 
115.3952893512824 
115.81330524975299 
114.70239925365374 
110.07539607792866 
106.96602395179426 
106.01544621178546 
108.0311630466467 
