# Radial distribution function (300 data points):
# "Pair separation distance" Li-Li Li-Sc Li-Cl Sc-Sc Sc-Cl Cl-Cl
0.0166666667 0.0 0.0 0.0 0.0 0.0 0.0 
0.05 0.0 0.0 0.0 0.0 0.0 0.0 
0.0833333333 0.0 0.0 0.0 0.0 0.0 0.0 
0.1166666667 0.0 0.0 0.0 0.0 0.0 0.0 
0.15 0.0 0.0 0.0 0.0 0.0 0.0 
0.1833333333 0.0 0.0 0.0 0.0 0.0 0.0 
0.2166666667 0.0 0.0 0.0 0.0 0.0 0.0 
0.25 0.0 0.0 0.0 0.0 0.0 0.0 
0.2833333333 0.0 0.0 0.0 0.0 0.0 0.0 
0.3166666667 0.0 0.0 0.0 0.0 0.0 0.0 
0.35 0.0 0.0 0.0 0.0 0.0 0.0 
0.3833333333 0.0 0.0 0.0 0.0 0.0 0.0 
0.4166666667 0.0 0.0 0.0 0.0 0.0 0.0 
0.45 0.0 0.0 0.0 0.0 0.0 0.0 
0.4833333333 0.0 0.0 0.0 0.0 0.0 0.0 
0.5166666667 0.0 0.0 0.0 0.0 0.0 0.0 
0.55 0.0 0.0 0.0 0.0 0.0 0.0 
0.5833333333 0.0 0.0 0.0 0.0 0.0 0.0 
0.6166666667 0.0 0.0 0.0 0.0 0.0 0.0 
0.65 0.0 0.0 0.0 0.0 0.0 0.0 
0.6833333333 0.0 0.0 0.0 0.0 0.0 0.0 
0.7166666667 0.0 0.0 0.0 0.0 0.0 0.0 
0.75 0.0 0.0 0.0 0.0 0.0 0.0 
0.7833333333 0.0 0.0 0.0 0.0 0.0 0.0 
0.8166666667 0.0 0.0 0.0 0.0 0.0 0.0 
0.85 0.0 0.0 0.0 0.0 0.0 0.0 
0.8833333333 0.0 0.0 0.0 0.0 0.0 0.0 
0.9166666667 0.0 0.0 0.0 0.0 0.0 0.0 
0.95 0.0 0.0 0.0 0.0 0.0 0.0 
0.9833333333 0.0 0.0 0.0 0.0 0.0 0.0 
1.0166666667 0.0 0.0 0.0 0.0 0.0 0.0 
1.05 0.0 0.0 0.0 0.0 0.0 0.0 
1.0833333333 0.0 0.0 0.0 0.0 0.0 0.0 
1.1166666667 0.0 0.0 0.0 0.0 0.0 0.0 
1.15 0.0 0.0 0.0 0.0 0.0 0.0 
1.1833333333 0.0 0.0 0.0 0.0 0.0 0.0 
1.2166666667 0.0 0.0 0.0 0.0 0.0 0.0 
1.25 0.0 0.0 0.0 0.0 0.0 0.0 
1.2833333333 0.0 0.0 0.0 0.0 0.0 0.0 
1.3166666667 0.0 0.0 0.0 0.0 0.0 0.0 
1.35 0.0 0.0 0.0 0.0 0.0 0.0 
1.3833333333 0.0 0.0 0.0 0.0 0.0 0.0 
1.4166666667 0.0 0.0 0.0 0.0 0.0 0.0 
1.45 0.0 0.0 0.0 0.0 0.0 0.0 
1.4833333333 0.0 0.0 0.0 0.0 0.0 0.0 
1.5166666667 0.0 0.0 0.0 0.0 0.0 0.0 
1.55 0.0 0.0 0.0 0.0 0.0 0.0 
1.5833333333 0.0 0.0 0.0 0.0 0.0 0.0 
1.6166666667 0.0 0.0 0.0 0.0 0.0 0.0 
1.65 0.0 0.0 0.0 0.0 0.0 0.0 
1.6833333333 0.0 0.0 0.0 0.0 0.0 0.0 
1.7166666667 0.0 0.0 0.0 0.0 0.0 0.0 
1.75 0.0 0.0 0.0 0.0 0.0 0.0 
1.7833333333 0.0 0.0 0.0 0.0 0.0 0.0 
1.8166666667 0.0 0.0 0.0 0.0 0.0 0.0 
1.85 0.0 0.0 0.0 0.0 0.0 0.0 
1.8833333333 0.0 0.0 0.0 0.0 0.0 0.0 
1.9166666667 0.0 0.0 0.0 0.0 0.0 0.0 
1.95 0.0 0.0 0.0 0.0 0.0 0.0 
1.9833333333 0.0 0.0 0.0 0.0 0.0 0.0 
2.0166666667 0.0 0.0 0.0 0.0 0.0 0.0 
2.05 0.0 0.0 0.0 0.0 0.0 0.0 
2.0833333333 0.0 0.0 0.0 0.0 0.0 0.0 
2.1166666667 0.0 0.0 0.0 0.0 0.0 0.0 
2.15 0.0 0.0 0.0 0.0 0.0 0.0 
2.1833333333 0.0 0.0 0.0 0.0 0.0 0.0 
2.2166666667 0.0 0.0 0.0 0.0 0.0 0.0 
2.25 0.0 0.0 0.0 0.0 0.0 0.0 
2.2833333333 0.0 0.0 0.0 0.0 0.0 0.0 
2.3166666667 0.0 0.0 0.0 0.0 0.0 0.0 
2.35 0.0 0.0 0.0 0.0 0.0 0.0 
2.3833333333 0.0 0.0 0.0 0.0 0.0 0.0 
2.4166666667 0.0 0.0 0.0 0.0 0.0 0.0 
2.45 0.0 0.0 0.0 0.0 0.0 0.0 
2.4833333333 0.0 0.0 0.0 0.0 0.0 0.0 
2.5166666667 0.0 0.0 0.0 0.0 0.0 0.0 
2.55 0.0 0.0 0.0 0.0 0.0 0.0 
2.5833333333 0.0 0.0 0.0 0.0 0.0 0.0 
2.6166666667 0.0 0.0 0.0 0.0 73.6162086773 0.0 
2.65 0.0 0.0 0.0 0.0 0.0 0.0 
2.6833333333 0.0 0.0 0.0 0.0 0.0 0.0 
2.7166666667 0.0 0.0 0.0 0.0 0.0 0.0 
2.75 0.0 0.0 0.0 0.0 0.0 0.0 
2.7833333333 0.0 0.0 0.0 0.0 0.0 0.0 
2.8166666667 0.0 0.0 0.0 0.0 0.0 0.0 
2.85 0.0 0.0 0.0 0.0 0.0 0.0 
2.8833333333 0.0 0.0 0.0 0.0 0.0 0.0 
2.9166666667 0.0 0.0 0.0 0.0 0.0 0.0 
2.95 0.0 0.0 0.0 0.0 0.0 0.0 
2.9833333333 0.0 0.0 0.0 0.0 0.0 0.0 
3.0166666667 0.0 0.0 0.0 0.0 0.0 0.0 
3.05 0.0 0.0 0.0 0.0 0.0 0.0 
3.0833333333 0.0 0.0 0.0 0.0 0.0 0.0 
3.1166666667 0.0 0.0 0.0 0.0 0.0 0.0 
3.15 0.0 0.0 0.0 0.0 0.0 0.0 
3.1833333333 0.0 0.0 0.0 0.0 0.0 0.0 
3.2166666667 0.0 0.0 0.0 0.0 0.0 0.0 
3.25 0.0 0.0 0.0 0.0 0.0 0.0 
3.2833333333 0.0 0.0 0.0 0.0 0.0 0.0 
3.3166666667 0.0 0.0 0.0 0.0 0.0 0.0 
3.35 0.0 0.0 0.0 0.0 0.0 0.0 
3.3833333333 0.0 0.0 0.0 0.0 0.0 0.0 
3.4166666667 0.0 0.0 0.0 0.0 0.0 0.0 
3.45 0.0 0.0 0.0 0.0 0.0 0.0 
3.4833333333 0.0 0.0 0.0 0.0 0.0 0.0 
3.5166666667 0.0 0.0 0.0 0.0 0.0 0.0 
3.55 0.0 0.0 0.0 0.0 0.0 0.0 
3.5833333333 0.0 0.0 0.0 0.0 0.0 0.0 
3.6166666667 0.0 0.0 0.0 0.0 0.0 0.0 
3.65 0.0 0.0 0.0 0.0 0.0 0.0 
3.6833333333 0.0 0.0 0.0 74.429367907 0.0 74.3055253647 
3.7166666667 0.0 0.0 0.0 0.0 0.0 0.0 
3.75 0.0 0.0 0.0 0.0 0.0 0.0 
3.7833333333 0.0 0.0 0.0 0.0 0.0 0.0 
3.8166666667 0.0 0.0 0.0 0.0 0.0 0.0 
3.85 0.0 0.0 0.0 0.0 0.0 0.0 
3.8833333333 0.0 0.0 0.0 0.0 0.0 0.0 
3.9166666667 0.0 0.0 0.0 0.0 0.0 0.0 
3.95 0.0 0.0 0.0 0.0 0.0 0.0 
3.9833333333 0.0 0.0 0.0 0.0 0.0 0.0 
4.0166666667 0.0 0.0 0.0 0.0 0.0 0.0 
4.05 0.0 0.0 0.0 0.0 0.0 0.0 
4.0833333333 0.0 0.0 0.0 0.0 0.0 0.0 
4.1166666667 0.0 0.0 0.0 0.0 0.0 0.0 
4.15 0.0 0.0 0.0 0.0 0.0 0.0 
4.1833333333 0.0 0.0 0.0 0.0 0.0 0.0 
4.2166666667 0.0 0.0 0.0 0.0 0.0 0.0 
4.25 0.0 0.0 0.0 0.0 0.0 0.0 
4.2833333333 0.0 0.0 0.0 0.0 0.0 0.0 
4.3166666667 0.0 0.0 0.0 0.0 0.0 0.0 
4.35 0.0 0.0 0.0 0.0 0.0 0.0 
4.3833333333 0.0 0.0 0.0 0.0 0.0 0.0 
4.4166666667 0.0 0.0 0.0 0.0 0.0 0.0 
4.45 0.0 0.0 0.0 0.0 0.0 0.0 
4.4833333333 0.0 0.0 0.0 0.0 0.0 0.0 
4.5166666667 0.0 0.0 0.0 0.0 32.9440363542 0.0 
4.55 0.0 0.0 0.0 0.0 0.0 0.0 
4.5833333333 0.0 0.0 0.0 0.0 0.0 0.0 
4.6166666667 0.0 0.0 0.0 0.0 0.0 0.0 
4.65 0.0 0.0 0.0 0.0 0.0 0.0 
4.6833333333 0.0 0.0 0.0 0.0 0.0 0.0 
4.7166666667 0.0 0.0 0.0 0.0 0.0 0.0 
4.75 0.0 0.0 0.0 0.0 0.0 0.0 
4.7833333333 0.0 0.0 0.0 0.0 0.0 0.0 
4.8166666667 0.0 0.0 0.0 0.0 0.0 0.0 
4.85 0.0 0.0 0.0 0.0 0.0 0.0 
4.8833333333 0.0 0.0 0.0 0.0 0.0 0.0 
4.9166666667 0.0 0.0 0.0 0.0 0.0 0.0 
4.95 0.0 0.0 0.0 0.0 0.0 0.0 
4.9833333333 0.0 0.0 0.0 0.0 0.0 0.0 
5.0166666667 0.0 0.0 0.0 0.0 0.0 0.0 
5.05 0.0 0.0 0.0 0.0 0.0 0.0 
5.0833333333 0.0 0.0 0.0 0.0 0.0 0.0 
5.1166666667 0.0 0.0 0.0 0.0 0.0 0.0 
5.15 0.0 0.0 0.0 0.0 0.0 0.0 
5.1833333333 0.0 0.0 0.0 0.0 0.0 0.0 
5.2166666667 0.0 0.0 0.0 0.0 0.0 18.5220252571 
5.25 0.0 0.0 0.0 0.0 0.0 0.0 
5.2833333333 0.0 0.0 0.0 0.0 0.0 0.0 
5.3166666667 0.0 0.0 0.0 0.0 0.0 0.0 
5.35 0.0 0.0 0.0 0.0 0.0 0.0 
5.3833333333 0.0 0.0 0.0 0.0 0.0 0.0 
5.4166666667 0.0 0.0 0.0 0.0 0.0 0.0 
5.45 0.0 0.0 0.0 0.0 0.0 0.0 
5.4833333333 0.0 0.0 0.0 0.0 0.0 0.0 
5.5166666667 0.0 0.0 0.0 0.0 0.0 0.0 
5.55 0.0 0.0 0.0 0.0 0.0 0.0 
5.5833333333 0.0 0.0 0.0 0.0 0.0 0.0 
5.6166666667 0.0 0.0 0.0 0.0 0.0 0.0 
5.65 0.0 0.0 0.0 0.0 0.0 0.0 
5.6833333333 0.0 0.0 0.0 0.0 0.0 0.0 
5.7166666667 0.0 0.0 0.0 0.0 0.0 0.0 
5.75 0.0 0.0 0.0 0.0 0.0 0.0 
5.7833333333 0.0 0.0 0.0 0.0 0.0 0.0 
5.8166666667 0.0 0.0 0.0 0.0 59.5918096055 0.0 
5.85 0.0 0.0 0.0 0.0 0.0 0.0 
5.8833333333 0.0 0.0 0.0 0.0 0.0 0.0 
5.9166666667 0.0 0.0 0.0 0.0 0.0 0.0 
5.95 0.0 0.0 0.0 0.0 0.0 0.0 
5.9833333333 0.0 0.0 0.0 0.0 0.0 0.0 
6.0166666667 0.0 0.0 0.0 0.0 0.0 0.0 
6.05 0.0 0.0 0.0 0.0 0.0 0.0 
6.0833333333 0.0 0.0 0.0 0.0 0.0 0.0 
6.1166666667 0.0 0.0 0.0 0.0 0.0 0.0 
6.15 0.0 0.0 0.0 0.0 0.0 0.0 
6.1833333333 0.0 0.0 0.0 0.0 0.0 0.0 
6.2166666667 0.0 0.0 0.0 0.0 0.0 0.0 
6.25 0.0 0.0 0.0 0.0 0.0 0.0 
6.2833333333 0.0 0.0 0.0 0.0 0.0 0.0 
6.3166666667 0.0 0.0 0.0 0.0 0.0 0.0 
6.35 0.0 0.0 0.0 0.0 0.0 0.0 
6.3833333333 0.0 0.0 0.0 50.5223503864 0.0 49.4811838104 
6.4166666667 0.0 0.0 0.0 0.0 0.0 0.0 
6.45 0.0 0.0 0.0 0.0 0.0 0.0 
6.4833333333 0.0 0.0 0.0 0.0 0.0 0.0 
6.5166666667 0.0 0.0 0.0 0.0 0.0 0.0 
6.55 0.0 0.0 0.0 0.0 0.0 0.0 
6.5833333333 0.0 0.0 0.0 0.0 0.0 0.0 
6.6166666667 0.0 0.0 0.0 0.0 0.0 0.0 
6.65 0.0 0.0 0.0 0.0 0.0 0.0 
6.6833333333 0.0 0.0 0.0 0.0 0.0 0.0 
6.7166666667 0.0 0.0 0.0 0.0 0.0 0.0 
6.75 0.0 0.0 0.0 0.0 0.0 0.0 
6.7833333333 0.0 0.0 0.0 0.0 0.0 0.0 
6.8166666667 0.0 0.0 0.0 0.0 0.0 0.0 
6.85 0.0 0.0 0.0 0.0 0.0 0.0 
6.8833333333 0.0 0.0 0.0 0.0 0.0 0.0 
6.9166666667 0.0 0.0 0.0 0.0 0.0 0.0 
6.95 0.0 0.0 0.0 0.0 0.0 0.0 
6.9833333333 0.0 0.0 0.0 0.0 0.0 0.0 
7.0166666667 0.0 0.0 0.0 0.0 0.0 0.0 
7.05 0.0 0.0 0.0 0.0 0.0 0.0 
7.0833333333 0.0 0.0 0.0 0.0 0.0 0.0 
7.1166666667 0.0 0.0 0.0 0.0 0.0 0.0 
7.15 0.0 0.0 0.0 0.0 0.0 0.0 
7.1833333333 0.0 0.0 0.0 0.0 0.0 0.0 
7.2166666667 0.0 0.0 0.0 0.0 0.0 0.0 
7.25 0.0 0.0 0.0 0.0 0.0 0.0 
7.2833333333 0.0 0.0 0.0 0.0 0.0 0.0 
7.3166666667 0.0 0.0 0.0 0.0 0.0 0.0 
7.35 0.0 0.0 0.0 37.500470566 0.0 18.6608188593 
7.3833333333 0.0 0.0 0.0 0.0 0.0 0.0 
7.4166666667 0.0 0.0 0.0 0.0 0.0 0.0 
7.45 0.0 0.0 0.0 0.0 0.0 0.0 
7.4833333333 0.0 0.0 0.0 0.0 0.0 0.0 
7.5166666667 0.0 0.0 0.0 0.0 0.0 0.0 
7.55 0.0 0.0 0.0 0.0 0.0 0.0 
7.5833333333 0.0 0.0 0.0 0.0 0.0 0.0 
7.6166666667 0.0 0.0 0.0 0.0 0.0 0.0 
7.65 0.0 0.0 0.0 0.0 0.0 0.0 
7.6833333333 0.0 0.0 0.0 0.0 0.0 0.0 
7.7166666667 0.0 0.0 0.0 0.0 0.0 0.0 
7.75 0.0 0.0 0.0 0.0 0.0 0.0 
7.7833333333 0.0 0.0 0.0 0.0 0.0 0.0 
7.8166666667 0.0 0.0 0.0 0.0 41.247942057 0.0 
7.85 0.0 0.0 0.0 0.0 0.0 0.0 
7.8833333333 0.0 0.0 0.0 0.0 0.0 0.0 
7.9166666667 0.0 0.0 0.0 0.0 0.0 0.0 
7.95 0.0 0.0 0.0 0.0 0.0 0.0 
7.9833333333 0.0 0.0 0.0 0.0 0.0 0.0 
8.0166666667 0.0 0.0 0.0 0.0 0.0 0.0 
8.05 0.0 0.0 0.0 0.0 0.0 0.0 
8.0833333333 0.0 0.0 0.0 0.0 0.0 0.0 
8.1166666667 0.0 0.0 0.0 0.0 0.0 0.0 
8.15 0.0 0.0 0.0 0.0 0.0 0.0 
8.1833333333 0.0 0.0 0.0 0.0 0.0 0.0 
8.2166666667 0.0 0.0 0.0 29.7766364727 0.0 29.8637390449 
8.25 0.0 0.0 0.0 0.0 0.0 0.0 
8.2833333333 0.0 0.0 0.0 0.0 0.0 0.0 
8.3166666667 0.0 0.0 0.0 0.0 0.0 0.0 
8.35 0.0 0.0 0.0 0.0 0.0 0.0 
8.3833333333 0.0 0.0 0.0 0.0 0.0 0.0 
8.4166666667 0.0 0.0 0.0 0.0 0.0 0.0 
8.45 0.0 0.0 0.0 0.0 0.0 0.0 
8.4833333333 0.0 0.0 0.0 0.0 0.0 0.0 
8.5166666667 0.0 0.0 0.0 0.0 0.0 0.0 
8.55 0.0 0.0 0.0 0.0 0.0 0.0 
8.5833333333 0.0 0.0 0.0 0.0 0.0 0.0 
8.6166666667 0.0 0.0 0.0 0.0 27.1554490229 0.0 
8.65 0.0 0.0 0.0 0.0 0.0 0.0 
8.6833333333 0.0 0.0 0.0 0.0 0.0 0.0 
8.7166666667 0.0 0.0 0.0 0.0 0.0 0.0 
8.75 0.0 0.0 0.0 0.0 0.0 0.0 
8.7833333333 0.0 0.0 0.0 0.0 0.0 0.0 
8.8166666667 0.0 0.0 0.0 0.0 0.0 0.0 
8.85 0.0 0.0 0.0 0.0 0.0 0.0 
8.8833333333 0.0 0.0 0.0 0.0 0.0 0.0 
8.9166666667 0.0 0.0 0.0 0.0 0.0 0.0 
8.95 0.0 0.0 0.0 0.0 0.0 0.0 
8.9833333333 0.0 0.0 0.0 0.0 0.0 0.0 
9.0166666667 0.0 0.0 0.0 0.0 0.0 8.2665126869 
9.05 0.0 0.0 0.0 0.0 0.0 0.0 
9.0833333333 0.0 0.0 0.0 0.0 0.0 0.0 
9.1166666667 0.0 0.0 0.0 0.0 0.0 0.0 
9.15 0.0 0.0 0.0 0.0 0.0 0.0 
9.1833333333 0.0 0.0 0.0 0.0 0.0 0.0 
9.2166666667 0.0 0.0 0.0 0.0 0.0 0.0 
9.25 0.0 0.0 0.0 0.0 0.0 0.0 
9.2833333333 0.0 0.0 0.0 0.0 0.0 0.0 
9.3166666667 0.0 0.0 0.0 0.0 0.0 0.0 
9.35 0.0 0.0 0.0 0.0 0.0 0.0 
9.3833333333 0.0 0.0 0.0 0.0 22.8992558661 0.0 
9.4166666667 0.0 0.0 0.0 0.0 0.0 0.0 
9.45 0.0 0.0 0.0 0.0 0.0 0.0 
9.4833333333 0.0 0.0 0.0 0.0 0.0 0.0 
9.5166666667 0.0 0.0 0.0 0.0 0.0 0.0 
9.55 0.0 0.0 0.0 0.0 0.0 0.0 
9.5833333333 0.0 0.0 0.0 0.0 0.0 0.0 
9.6166666667 0.0 0.0 0.0 0.0 0.0 0.0 
9.65 0.0 0.0 0.0 0.0 0.0 0.0 
9.6833333333 0.0 0.0 0.0 0.0 0.0 0.0 
9.7166666667 0.0 0.0 0.0 42.9236987433 0.0 42.7101480033 
9.75 0.0 0.0 0.0 0.0 0.0 0.0 
9.7833333333 0.0 0.0 0.0 0.0 0.0 0.0 
9.8166666667 0.0 0.0 0.0 0.0 0.0 0.0 
9.85 0.0 0.0 0.0 0.0 0.0 0.0 
9.8833333333 0.0 0.0 0.0 0.0 0.0 0.0 
9.9166666667 0.0 0.0 0.0 0.0 0.0 0.0 
9.95 0.0 0.0 0.0 0.0 0.0 0.0 
9.9833333333 0.0 0.0 0.0 0.0 0.0 0.0 
