# "MSD"
0.0 
0.8850743850848355 
1.6448874868356382 
2.3498792482294064 
2.934905753078844 
3.5300256411375224 
4.605717507394781 
5.332732973973926 
5.649121075083104 
6.511562721972118 
7.482343359348429 
7.896780203813887 
8.996039440899771 
9.0295791755457 
9.555493192460727 
10.663938295414459 
11.268584891184908 
12.202725943731883 
13.08386602155504 
13.676768292184336 
14.321695838217165 
14.13030413176964 
15.29188506653058 
16.473838216047735 
16.827940734999615 
17.49232220660033 
19.1166005448247 
20.27408952917001 
20.772615087157504 
22.262491008696557 
22.121556517963967 
23.462443082462727 
24.11171048493335 
26.246433654104166 
29.32465633734003 
30.299550538852486 
31.523031055682985 
31.50964389523377 
33.089239257618885 
33.223737141276835 
33.320910566769626 
34.37536268480454 
37.98427884056674 
40.4067623729061 
42.031662267771004 
43.097203737532645 
43.003237605892764 
43.70875254548942 
46.56754350636241 
46.847206065442805 
46.46636590464817 
46.55887398765712 
50.00224745905796 
52.43831394581044 
53.942081729743144 
56.14027783542081 
58.20577889931975 
60.06158109836634 
61.273755712578605 
61.924262351006334 
63.4439654471544 
66.75549228294072 
69.29407255402236 
72.17099477755004 
75.23249323670875 
77.58131264473677 
81.1983670467431 
84.98358388358746 
86.97076998531035 
87.46710118844355 
86.78911088964854 
89.49121244097618 
91.47135719157596 
92.23016312072981 
94.9384204513307 
97.39061290818672 
98.22191287972542 
101.85395219812115 
106.00108938470788 
107.34564849141427 
110.00396060566106 
112.05135066124224 
111.94989256651972 
113.85422729388516 
114.69563429589087 
113.90337628781403 
110.67733072813486 
110.19900883332886 
112.70603523023668 
117.33903719712727 
120.33759793885046 
120.39261909868868 
118.82593197776323 
116.01237697484981 
114.1548052915516 
114.7414737659742 
115.97013168404223 
116.08462343076485 
115.02564739006418 
114.28866825914344 
116.55759848785712 
119.3274598347644 
118.84137370350581 
115.98178077198486 
117.4484989834438 
118.45510249925817 
118.89869567383131 
120.28314599089214 
119.02812375197499 
119.08008753715767 
117.42956621863661 
117.69690785657485 
118.46820953569046 
118.7877246343919 
118.67560529939004 
118.90628464510712 
120.49452935640271 
122.65676912490444 
121.04945664520253 
121.2093780193794 
122.2104503871448 
122.00543701301115 
120.0810829783552 
119.38974607854644 
120.5265015014997 
123.15665194152601 
123.7542715648143 
124.06479406622603 
124.2004840988504 
126.76070087406119 
128.23157922606765 
125.73113058794308 
123.10848966737451 
123.95336156349359 
125.26006067597694 
123.70087787622306 
121.14371699039351 
118.66108378179688 
116.07006705463041 
115.52027512201846 
117.26645126165775 
122.38748084670038 
121.37979065620894 
120.89178101682583 
119.89794009901777 
118.8442631299646 
118.73943453537882 
118.25393189566964 
120.1019308587004 
121.88803066217933 
122.62902281703434 
122.21918146152996 
122.04080678885215 
121.82798343634374 
122.71658193959205 
124.39695363021886 
123.66756785527195 
124.69276984459893 
123.94409460808126 
123.43612908452256 
124.91155862648799 
124.51183595891807 
124.49319973749216 
123.25338841561003 
121.9137241861833 
120.19787216824948 
120.42255337283925 
120.57189480115846 
120.75372804862742 
120.72010851689966 
122.15503856311764 
121.63396926185027 
121.25914073650652 
121.15141935178086 
121.14907127253706 
121.49012667378526 
122.40511924176668 
123.38657682229872 
119.76833965917534 
119.31917670661485 
120.75087806591206 
121.5998328039804 
121.81820233760928 
121.23562468075258 
121.60151021074596 
121.37324630340476 
121.4453034846127 
120.49707516119048 
118.61972765863754 
119.67805818830284 
117.48139349929865 
115.26807398230142 
115.2742907127863 
117.1932337164782 
118.14192788907448 
118.76084000480218 
118.10733822397899 
118.69287367250872 
119.69554489234685 
117.35948892894879 
115.0311892740818 
113.91426823656714 
112.48459034572744 
112.62191291951783 
111.80279056838611 
111.16450664540893 
111.21320280943104 
109.89428660861756 
108.26121926767055 
108.36237979204255 
111.33891675009751 
115.8282863896009 
117.45062223780148 
117.0996379189853 
117.02735500511109 
117.71791894252058 
119.32025289637306 
120.12689472552904 
120.70297086623007 
122.59419480336997 
122.43475221412491 
120.26374211177301 
118.39260219819587 
118.80606766373965 
120.18946098357716 
119.80810067846369 
120.72807969517511 
121.83985322545146 
123.93620232142412 
124.87839300047672 
123.8493063270433 
122.03822279353032 
121.45258701942385 
120.27917160192204 
120.34339755967483 
119.2243871448062 
116.552206730619 
115.49713201734801 
116.37705084082215 
117.56139218274014 
118.85866675089721 
121.15458318469042 
122.16455408827979 
120.3188765075075 
121.87794273341757 
121.47926045416668 
118.97937971216703 
116.14473552601602 
116.35297011383827 
116.25306874363778 
115.09314849794346 
115.70806674308848 
116.46416334753879 
117.82116907750002 
121.7379941558919 
125.0309324118896 
123.77202787812314 
124.66099391565697 
125.29522446699048 
123.20441419378494 
121.06547869961207 
121.13570615557194 
117.95608624957148 
115.00445649025745 
115.16978566814663 
116.25405631165282 
116.6969257891459 
116.62469170786005 
118.78406937853592 
119.53437028125306 
119.41916140191088 
116.9004683734076 
116.88385541921264 
117.90072599812709 
116.64275455245675 
115.20126233826939 
115.41766945335578 
115.43898141048909 
117.06194106905298 
116.92064969623466 
117.38723754322724 
119.55709166724799 
121.32105111878504 
119.01735258812793 
119.9576288696056 
119.64139118625361 
119.27221215244857 
117.02470973966584 
114.62439225392033 
111.85081198475952 
111.27368331791352 
111.32221732611427 
112.25971977906778 
112.82538348371118 
115.94837488767739 
116.64284883259008 
112.29506101865643 
111.03746546177368 
114.54542943714891 
116.65673751839864 
116.13386749002886 
116.16802369787088 
117.99950314516258 
119.43359438299603 
118.52262678156742 
118.56347050703951 
120.67480556969555 
121.8297132374639 
124.49482282751946 
123.66411348045122 
123.27348952817519 
120.92066540620041 
120.6478741539842 
122.1050654646286 
122.90629412432372 
123.69355966758306 
125.59018151586821 
127.79322906279701 
129.1972705200542 
125.72202616621486 
123.84419374024246 
123.41268146103518 
120.86079313282889 
121.28512810851483 
121.85624775016362 
123.53975743215832 
126.38914970031871 
129.3792737198512 
131.67743961030342 
131.72573188830725 
131.0720179749032 
128.58916489213317 
128.26570637663093 
126.84186086069067 
123.66732723785456 
123.35261926130082 
122.04443115963731 
120.34607402623524 
118.50099203967446 
116.89338763975141 
116.33483943711202 
115.93974564467841 
117.63855231576267 
118.94593046408716 
119.04163129219499 
117.99861177155267 
119.04507608281071 
120.9161180296703 
120.75791459416678 
121.17794209190598 
122.74023055630832 
124.82202236439913 
125.2988459064841 
125.74757378832379 
122.71447412076289 
118.31795966911453 
116.343415904812 
117.86200925682722 
119.75758334230741 
119.68060845242104 
119.17894943318905 
118.61140144357773 
117.17274766720067 
116.56930210463747 
116.96217581398642 
118.41779033727177 
118.21068815488879 
115.09476426042832 
115.59579402059829 
117.21959444571824 
118.8155380006177 
122.66347982859364 
124.57565719772468 
123.4975422398444 
124.50466638534876 
126.63367030535404 
128.32362413825564 
129.65933521326758 
129.85041883500108 
131.41944181140857 
132.62541236474576 
131.70033569373282 
129.38938497177097 
130.16694655286534 
126.80037857993185 
122.22497195933904 
119.537138877998 
119.44562159109137 
119.36929562271467 
119.44042999036222 
118.94032771778609 
118.1848388354751 
118.99837803181919 
120.24208591599394 
120.40655849617642 
118.80335702271861 
119.25818767223694 
121.44067037554348 
121.19878178292323 
120.85549571780602 
121.94032762911738 
118.60977121209196 
114.29362884936306 
114.10004566903356 
112.86747146646314 
111.83214151102517 
113.0023159487188 
116.244336704082 
116.27463192469737 
115.84454885204488 
115.73529077612737 
114.8409948842854 
113.88135449495724 
115.8179260722657 
116.50085348307675 
118.14006019866486 
118.26863692183998 
119.54640249011102 
125.00667635258345 
129.42677361796547 
128.84989382871248 
127.83453126802931 
125.57477679254289 
125.3917646795369 
124.8419195988541 
123.89538933833124 
124.18571325594078 
122.96644673705423 
121.63454089851008 
120.54818096777208 
120.90858043251865 
121.2308897234935 
121.23975216267841 
121.24606037609135 
123.00389284786637 
123.18796825488538 
124.93540384716088 
126.40948542866577 
125.31022218096771 
121.55832381037962 
119.70262345236651 
118.92230808189237 
116.98428269559426 
111.58173202121296 
108.88383343256159 
108.64829842001531 
109.52741437687013 
112.4310322725355 
116.22380687130666 
118.2112882807882 
117.50166229373839 
115.48757994791798 
115.09533012752544 
116.11468577667017 
116.68532540556046 
114.47327039197961 
114.71344587199401 
115.51344337098833 
115.84812459522367 
117.4945311673999 
116.67213096878653 
117.2092050906385 
117.20794037644347 
118.46409408807315 
120.65207878415046 
118.25531143367064 
114.00295065831642 
111.91774821033863 
112.58083530322007 
112.83166212517202 
112.5748023420525 
115.49577127084636 
116.5749257782036 
118.03968942212917 
118.06721907872432 
116.83465390790705 
114.65630890555948 
114.0355544064577 
115.09871622135142 
117.77714645836019 
119.14200026231693 
118.42415482547995 
117.6002566741209 
119.05764713725236 
118.74233794887633 
118.18488025089607 
117.58972362088127 
117.29751460734569 
118.74387988427759 
120.71369685422303 
121.10045385905096 
118.62948481122636 
117.17051318675954 
116.52595877954992 
116.4589620829642 
118.03159469480336 
119.28079502704861 
118.58236696541425 
117.42789007195034 
116.16358901041751 
116.95574566935419 
118.66504843083962 
119.88573726713615 
121.42921727140889 
123.6647939101387 
126.07847193629496 
127.35492695725915 
125.8138826473721 
124.97498763826557 
125.97433450350512 
122.42633095174766 
118.2093812408616 
117.09277946494534 
119.26238219049375 
121.04077444164783 
120.71867426940659 
120.3593740332407 
120.16535681048462 
120.07863349864385 
120.51789850072988 
122.01927492850903 
124.79830218744353 
123.61315773677015 
122.25263297678272 
120.26048800504381 
120.21192036558293 
119.87602970437615 
120.11736120503926 
119.73783077979859 
120.6959637205673 
123.40775740803726 
122.98462208783873 
123.75307386184667 
124.48858417107171 
124.39537625207446 
124.02711323304287 
125.03510195871652 
123.9766551165602 
124.8311244155969 
126.95032958214722 
126.76952344830946 
126.19218303669822 
123.65760133258937 
121.49055764621338 
118.75253755014757 
116.42575677264786 
116.71897389212349 
117.86751294131948 
115.53479127168066 
114.63498508813929 
115.29051808111078 
117.46737855813744 
120.39231242112027 
121.86570383994197 
121.11034404033433 
121.66872431087099 
123.71026105506692 
122.1272177779663 
120.90785450562511 
120.46426038030211 
121.09233347230033 
121.84923995602995 
122.27375541290894 
120.91292365232569 
120.71587561019048 
120.839504787994 
121.05201871290932 
121.74921004342556 
122.36685948247299 
121.28149154606865 
119.20444767181151 
121.4865797614169 
125.30926602628175 
125.32637807978838 
129.17445073858883 
130.83827335636101 
128.89632122477826 
127.83724617471205 
125.58846767121956 
124.82882983371377 
124.97987443270176 
123.97864121608825 
122.6767461376958 
122.99313876196196 
124.82458041379698 
125.82458956116523 
125.0944880011051 
126.90297836850047 
127.93940710512777 
128.43037677079124 
130.32991529967083 
129.67070928596223 
130.5474913753181 
133.92815174314208 
133.95018474075707 
129.59180744732203 
127.14506887678381 
126.31095572222027 
123.14339234808588 
119.44091461258067 
120.29707931792193 
119.22689888462655 
118.17970933329127 
118.96749044778906 
116.8232385721935 
115.7591536639976 
115.07670211532798 
112.92982708697355 
112.38451333219143 
112.9858851870672 
112.56454194683946 
112.97466047600541 
114.77424897445798 
118.61031400834108 
121.90038295609563 
124.17355601298684 
123.23629422165877 
121.79732289200001 
120.62500730251925 
117.75613500881389 
115.22913000924655 
112.99376545483825 
113.00863948944395 
110.5606931207797 
111.26899574539078 
113.47182980241212 
116.29102843582118 
120.74557264051 
124.38234583974912 
124.64950292732438 
124.02332897162876 
124.51095251843365 
123.85928976436513 
120.70598009283212 
118.87867752535148 
118.14231555710067 
118.32389943335069 
118.29750537597805 
121.41924565851792 
124.64591526762145 
124.96592616243845 
124.63004169549185 
125.4645160001361 
126.71586178807235 
127.96040128102919 
127.4497712237943 
129.2802700756581 
126.59861308695996 
125.79585364605894 
124.35983919388298 
121.94390112023275 
119.8524729142686 
118.15294856309299 
117.81242521059866 
117.43972545333915 
117.85908023013494 
118.066634175027 
119.94126168847909 
121.70341599115272 
122.44317103685404 
125.16993387867487 
125.2906004108309 
124.12791083776092 
123.01516171456848 
122.78203508595891 
123.55865300778933 
124.54483299023453 
124.25673333453263 
125.26952676021007 
127.8146352445117 
127.27191938705998 
125.0439931974837 
125.33295298052532 
125.78305077826023 
126.07030340677386 
126.28647200920878 
125.9064293577562 
123.55018932280869 
121.86701423081395 
119.78678817920488 
121.1107898485229 
121.7452691630563 
119.54441583040713 
119.36899413577521 
121.04827410513347 
122.6149418980143 
121.59420315073994 
119.53129125555209 
119.62552788985016 
120.46648305886758 
119.74952234247976 
121.60740049776001 
124.35838576687696 
125.00785684634636 
126.0824820551454 
124.28308702258452 
121.91440956058202 
119.89780867609949 
116.23191515770002 
116.9950256009198 
117.58387316635987 
119.41875517977182 
121.28676154696302 
121.68742487760477 
120.26880191296738 
117.38547815250037 
116.78169015885769 
116.28626118219387 
115.92813626261895 
114.99991080966642 
119.11177496272337 
119.31069416876501 
117.52711023317599 
117.92634491696285 
119.10207455824363 
118.77009195763851 
117.58184639085842 
115.9248686192523 
116.62869871018859 
115.7218035405251 
115.01466658483265 
115.89074662277332 
117.56179401937695 
116.31691620690424 
115.47998985926284 
116.06362571984033 
114.52791022930954 
111.86313284631659 
110.26176623150603 
111.40344772359263 
114.24776976870221 
114.7091612106287 
115.76160428320776 
116.68603814823891 
118.20343656578568 
120.45770779694261 
122.27438228564554 
124.1013368267234 
122.70142966259851 
120.30599833484214 
118.3760613295042 
116.68593395699224 
116.19611514129154 
115.13687549738167 
116.85776015650619 
118.2278187798656 
120.80357425065122 
123.38538278490593 
124.14588705065923 
124.14176543970919 
122.66189601708808 
123.30935436450454 
123.32585274760149 
121.25171554659862 
120.38048715352696 
121.74797261018936 
124.8780115976913 
127.074738276275 
127.40678069079 
126.42751645940164 
126.4906407749893 
126.33490231120835 
126.83530791604302 
124.84453383957519 
122.32736114586415 
120.45092136304544 
118.95144911063029 
117.81193973306581 
116.56260307797456 
114.69921770383583 
114.78544124740866 
114.46126501172569 
115.05939804053094 
116.3061640564885 
118.38546222296836 
121.26105202624935 
122.72920062682113 
124.92289698450898 
125.97493207818204 
125.59611982005441 
124.78948148866033 
124.05748721563556 
123.48724821687365 
124.32843315602884 
122.24970595523546 
121.81184603455623 
123.19067328326952 
123.24125414111131 
123.33753345607441 
123.11478684308004 
119.9161539144218 
118.91700433701057 
116.45359565931528 
112.68031408349519 
110.56608045859333 
111.45684744976268 
111.60033073613769 
111.53584245972912 
112.63440154901689 
111.26854041336553 
113.07386289709196 
115.02651419283735 
115.65013140070553 
116.22499751917906 
116.51728621914573 
119.63952834886229 
121.0835018099634 
121.5488975670965 
121.7997028814951 
118.43422429435829 
114.66057542222308 
114.05239717244582 
114.41544494554186 
115.44629518954375 
115.73447003968904 
113.99655452211958 
113.4719628068617 
113.7957412109821 
112.92866261884465 
112.54003627563213 
112.8627032632401 
112.65250135436735 
112.66743965738955 
114.2191126637639 
118.9830268956612 
121.43302364951593 
122.13621882120412 
123.69645499850606 
123.1252737858976 
120.2284923715596 
117.84185428300296 
119.29837907180627 
120.95268958801663 
120.96536071408734 
120.45072069731751 
122.60101644902095 
123.84049359882135 
126.13689446053016 
126.4989357679821 
126.67194451588566 
124.4557040079595 
125.56156536230095 
126.45490546156019 
123.74088023303635 
121.50499023884055 
119.43124496911354 
114.7836673626615 
114.56214186575701 
115.52151714748963 
115.72378782418711 
115.2914207844696 
114.79077763505865 
112.77136136284014 
111.1187820488005 
111.02598062406548 
110.29451974173547 
111.75295415099728 
116.94458346406316 
118.46022864740652 
117.9067351664383 
118.6877702569628 
119.67051710680884 
118.9949629991559 
120.32527227688007 
118.46040616106227 
116.0334960965765 
113.95653505350276 
109.89693039194769 
107.6452184818698 
104.71513663079337 
103.82580109471552 
105.77610633492314 
108.14643906043918 
107.96427587820483 
107.69650497418088 
108.93611730817781 
111.44914543754336 
114.75905418895528 
114.59141475168278 
112.28293006241805 
111.38114005407694 
112.3191361682781 
110.95904075230864 
109.10182099133165 
109.88344549259112 
109.8688776100821 
109.38941175883326 
110.33478509761363 
110.11247117634872 
107.90721343502358 
108.92193298551787 
110.72922650293368 
111.93417256665789 
114.478044041222 
112.96314001377692 
115.1187076354256 
115.64403135521229 
115.51653117519564 
115.67173287771138 
115.45706867618352 
116.48823574102028 
116.90324508865433 
116.55414668242624 
114.23120952542514 
114.00203325551993 
113.66538805563829 
116.20063985683298 
120.94836536830981 
123.9908961868485 
123.29086360109592 
121.735970186788 
122.4959660685984 
122.19529217505345 
119.50683036070097 
119.66859864714016 
117.0479446751106 
115.33269208666586 
115.67575333252356 
114.44114442957554 
114.91013988801011 
114.21933183418393 
116.37425335048431 
118.31494356660254 
117.54580753561801 
117.02108453391621 
115.67777282093972 
114.65120770150759 
117.27479886390937 
120.92722435813117 
122.78481525752811 
122.96517032561802 
120.63448541978023 
118.35255912560173 
118.56416327500537 
117.3094112923346 
116.01203042548869 
116.50506583612226 
118.64715720069835 
120.49868267997505 
121.08577965334534 
121.02318217841727 
120.18944755798752 
118.03728426494322 
116.70694869313341 
116.2985218904534 
115.87534933530026 
113.93233507101142 
113.45416306701296 
113.77942877852244 
115.9708810865246 
119.92180070510801 
120.71711158011037 
120.17920595952921 
117.8826288481492 
114.29049546191584 
112.04152540107691 
110.75852153032532 
110.95632769688285 
115.07340155589426 
117.39658331995166 
116.85786255136361 
116.55537398639048 
117.22170328739287 
117.84154969750465 
119.53350795888215 
123.91624467139897 
123.98427346780296 
123.26407037505493 
122.69319625006244 
122.8421452180888 
124.83512343743644 
126.39590044571014 
127.15917125603782 
124.43212969433792 
122.25482679662773 
120.97939419374234 
120.04530630385862 
119.1904781453003 
117.09089663178626 
118.78925417630282 
119.94008225687155 
118.58953067485281 
113.90523292794228 
111.49563335750672 
111.81372261202547 
110.96305371981714 
113.86274765444512 
118.20277573235944 
120.59688160649075 
119.87521279353977 
119.89628494823585 
120.01536136453511 
120.93474316505046 
120.25798991023905 
121.3533197006073 
122.33103449702685 
120.12394665937276 
121.09192702284797 
122.87311157283939 
122.39203797737895 
121.6673334387088 
119.42936676182643 
118.76196074969205 
119.73521409402252 
118.13668500522999 
116.40540559300834 
116.13496072349687 
115.15537352207967 
115.92996116564021 
117.75014213480156 
117.88302423772002 
120.89781736789513 
123.81169556221181 
123.55329877026843 
122.92727694872337 
123.43259854458911 
125.38295017240465 
124.40118846074716 
120.99320455304918 
119.94567464697082 
119.76045063248903 
119.42989234893103 
121.18182554545675 
121.55248595622919 
122.10369789785149 
121.9756588164706 
120.92250362146967 
120.22095408304499 
122.24391572521557 
122.54631549110181 
123.54534070528652 
124.52395737687621 
125.5388460452884 
123.03306163008192 
121.71724877606619 
118.28776764461898 
117.26426998470473 
117.20180352509496 
116.53295244936787 
120.72738201546514 
125.1096609315888 
126.41777963187069 
127.15404656636196 
128.60835884932544 
126.02728466172991 
120.33615499013158 
119.20379145673667 
119.36542236111876 
119.33545647389178 
119.47073726229988 
122.55648913545092 
124.18899167559573 
125.12019598395888 
123.78717352036077 
124.35974634549996 
124.3086966825739 
125.82926971372511 
124.64983704413493 
125.1011434494331 
125.66310111279081 
126.50912339831693 
127.98774602516663 
128.4810593429237 
127.85419811797874 
125.84914849217718 
123.2348291385807 
120.21984571297034 
116.78208267253693 
116.13349497352519 
116.614192975822 
116.40335227530895 
116.51085574750597 
118.05878512729869 
121.42747225207665 
123.82506144830971 
124.65603922275538 
125.16296648744152 
125.19514263594593 
123.5551233489703 
122.09249149256475 
120.63186036580967 
118.77326274410343 
118.79554175182206 
118.69393422574312 
117.86579886477122 
119.29487869327895 
120.06626615792196 
119.8960584280624 
117.15108677981173 
114.7026458869724 
115.05022286092262 
114.49737735795478 
112.74968474004918 
111.625340130463 
110.78001911947301 
110.19894670676659 
113.20436674926384 
115.8569693265176 
115.89629600410765 
117.22089806477891 
116.2131394833662 
114.98120568885054 
116.6529836578132 
119.02899348053245 
119.92149891961304 
118.26063574631253 
120.88262785595875 
122.03529766462324 
118.77713538821125 
115.90280430582376 
113.44127885485983 
112.81223544152827 
112.2065995180768 
111.96249921759812 
113.4228973247862 
111.71420632702065 
111.80340960875294 
112.8361150825687 
114.13176692255044 
114.64617478400402 
119.10085421041332 
120.55586397042349 
122.9002094173265 
125.86610993413436 
125.43105167834604 
123.16917038452193 
120.65786535626042 
121.31249328788785 
121.92539262530205 
121.61522386675009 
119.92424226921017 
118.0227032743841 
115.24399099116755 
114.50275778996624 
116.89025630608022 
118.05550578566603 
120.79767135179539 
120.81715393804231 
120.72936069998362 
121.46111277518315 
120.03482433924269 
118.0811847834923 
117.6622656300179 
118.87497812306792 
119.89722737664357 
121.82964707950887 
121.76897167783532 
121.60221095833677 
121.32602463137285 
120.85059752276263 
118.57177502525258 
117.02109287087882 
115.69692757072819 
114.38208822012523 
114.77311742120655 
115.20497084978697 
114.596180595247 
114.18210358200697 
113.64776107536348 
113.74827484410248 
114.63710743319076 
116.61628836481724 
118.76726942803353 
120.2851455304172 
119.29102020601692 
120.22542993554153 
120.91199032874454 
121.63687019206024 
122.86705409063154 
121.55854452232646 
120.08142479282363 
119.10972046672401 
116.73624518608892 
115.6464352778971 
117.02967442357429 
117.970105098122 
119.48815689557941 
116.89019550159867 
115.57139017537413 
115.82516071984148 
115.10507701060891 
113.60380257190114 
114.1145904451771 
115.53353842172118 
115.60731143153549 
113.38648858516015 
113.36890334992243 
112.68911634095524 
112.53656678010908 
113.47557136611243 
113.79971298927882 
116.12725316866242 
118.69320127154039 
118.84056585733457 
117.96544539059593 
118.6820517459725 
122.09505922150429 
123.55761124382286 
124.11680714435863 
125.52738573568125 
124.91495568557366 
126.88523178393534 
130.14815369780518 
132.22866647729018 
129.74726854507134 
126.77263338300861 
124.7785615912635 
122.64472216127882 
121.79942609050443 
118.5238005549941 
117.6730189237294 
119.04080254881825 
119.42368308831743 
119.23783166423861 
119.04701020145238 
120.6045733945679 
121.02492195761351 
119.94555755425309 
119.12346976370591 
117.70817893049156 
119.29999993809881 
119.49456186983362 
117.13114029795713 
113.34363582748767 
110.57092676347415 
108.4207641870156 
108.22029920702607 
109.80487295593075 
112.89474310258936 
114.26318918099624 
114.07947785894264 
113.04592467598003 
111.7686110931185 
111.4700813669748 
112.00782416095866 
112.17062617962199 
110.30725725101752 
108.69347370638971 
108.17764789951079 
108.18146253922546 
110.75053663366 
111.89185484180288 
111.9308847095082 
113.38372972866367 
114.04499961760409 
112.95061436741315 
112.08416393031808 
112.06315003029134 
114.61780453922597 
115.68893544888621 
114.3845968578395 
111.54296431529872 
111.1026203536554 
113.36877955193573 
116.96997029130802 
119.09884205563765 
119.59938545839793 
120.81826068858909 
119.70443006322031 
117.32754139486676 
116.56037507766156 
117.49346166120195 
119.17840119920551 
119.96677011363181 
118.99696609106498 
120.26248991276117 
120.9228925274971 
122.07313183529799 
122.78127415121435 
123.14057549742314 
123.91616801619514 
122.8738294238359 
122.81187041196074 
122.48981964596227 
123.30348374724251 
125.21267167428387 
124.48407471659624 
122.53780295559906 
121.42402551825725 
121.04477664755923 
120.77903517686472 
121.77521783245265 
123.34690028019065 
124.75036110900119 
125.95973211793535 
127.56214312727867 
126.60711674272707 
126.67824473501457 
126.63039120497942 
125.6185435993479 
123.9689686472286 
121.65212326707521 
122.26958114026326 
122.137605245971 
121.69535807190496 
123.08868431901753 
124.90522761968123 
123.92712098289215 
123.60953167896284 
121.64686343132504 
119.92454546317785 
120.43828024452536 
119.2435944333545 
117.68423562659729 
116.40080749137483 
116.88457839068295 
118.1815886054682 
120.01454167243686 
120.15881371635356 
121.75863938069624 
125.49990967040316 
129.1368144065798 
131.2803539687168 
128.2530336816629 
122.48704639347525 
119.20863995374816 
119.64470012481934 
120.14743935592905 
119.66738132847834 
117.68797233684461 
118.3420437110768 
120.0106357950984 
122.15951704080528 
125.70588165146509 
127.64113217370311 
125.28107866279376 
124.06153073533791 
124.46088291508183 
122.89033657280788 
120.91539082358656 
122.42935513576546 
nan 
nan 
nan 
nan 
nan 
nan 
nan 
nan 
nan 
nan 
nan 
nan 
nan 
nan 
nan 
nan 
nan 
nan 
nan 
nan 
nan 
nan 
nan 
nan 
nan 
nan 
nan 
nan 
nan 
nan 
nan 
nan 
nan 
nan 
nan 
nan 
nan 
nan 
nan 
nan 
nan 
nan 
nan 
nan 
nan 
nan 
nan 
nan 
nan 
nan 
nan 
nan 
nan 
nan 
nan 
nan 
nan 
nan 
nan 
nan 
nan 
nan 
nan 
nan 
nan 
nan 
nan 
nan 
nan 
nan 
nan 
nan 
nan 
nan 
nan 
nan 
nan 
nan 
nan 
nan 
nan 
nan 
nan 
nan 
nan 
nan 
nan 
nan 
nan 
nan 
nan 
nan 
nan 
nan 
nan 
nan 
nan 
nan 
nan 
nan 
nan 
nan 
nan 
nan 
nan 
nan 
nan 
nan 
nan 
nan 
nan 
nan 
nan 
nan 
nan 
nan 
nan 
nan 
nan 
nan 
nan 
nan 
nan 
nan 
nan 
nan 
nan 
nan 
nan 
nan 
nan 
nan 
nan 
nan 
nan 
nan 
nan 
nan 
nan 
nan 
nan 
nan 
nan 
nan 
nan 
nan 
nan 
nan 
nan 
nan 
nan 
nan 
nan 
nan 
nan 
nan 
nan 
nan 
nan 
nan 
nan 
nan 
nan 
nan 
nan 
nan 
nan 
nan 
nan 
nan 
nan 
nan 
nan 
nan 
nan 
nan 
nan 
nan 
nan 
nan 
nan 
nan 
nan 
nan 
nan 
nan 
nan 
nan 
nan 
nan 
nan 
nan 
nan 
nan 
nan 
nan 
nan 
nan 
nan 
nan 
nan 
nan 
nan 
nan 
nan 
nan 
nan 
nan 
nan 
nan 
nan 
nan 
nan 
nan 
nan 
nan 
nan 
nan 
nan 
nan 
nan 
nan 
nan 
nan 
nan 
nan 
nan 
nan 
nan 
nan 
nan 
nan 
nan 
nan 
nan 
nan 
nan 
nan 
nan 
nan 
nan 
nan 
nan 
nan 
nan 
nan 
nan 
nan 
nan 
nan 
nan 
nan 
nan 
nan 
nan 
nan 
nan 
nan 
nan 
nan 
nan 
nan 
nan 
nan 
nan 
nan 
nan 
nan 
nan 
nan 
nan 
nan 
nan 
nan 
nan 
nan 
nan 
nan 
nan 
nan 
nan 
nan 
nan 
nan 
nan 
nan 
nan 
nan 
nan 
nan 
nan 
nan 
nan 
nan 
nan 
nan 
nan 
nan 
nan 
nan 
nan 
nan 
nan 
nan 
nan 
nan 
nan 
nan 
nan 
nan 
nan 
nan 
nan 
nan 
nan 
nan 
nan 
nan 
nan 
nan 
nan 
nan 
nan 
nan 
nan 
nan 
nan 
nan 
nan 
nan 
nan 
nan 
nan 
nan 
nan 
nan 
nan 
nan 
nan 
nan 
nan 
nan 
nan 
nan 
nan 
nan 
nan 
nan 
nan 
nan 
nan 
nan 
nan 
nan 
nan 
nan 
nan 
nan 
nan 
nan 
nan 
nan 
nan 
nan 
nan 
nan 
nan 
nan 
nan 
nan 
nan 
nan 
nan 
nan 
nan 
nan 
nan 
nan 
nan 
nan 
nan 
nan 
nan 
nan 
nan 
nan 
nan 
nan 
nan 
nan 
nan 
nan 
nan 
nan 
nan 
nan 
nan 
nan 
nan 
nan 
nan 
nan 
nan 
nan 
nan 
nan 
nan 
nan 
nan 
nan 
nan 
nan 
nan 
nan 
nan 
nan 
nan 
nan 
nan 
nan 
nan 
nan 
nan 
nan 
nan 
nan 
nan 
nan 
nan 
nan 
nan 
nan 
nan 
nan 
nan 
nan 
nan 
nan 
nan 
nan 
nan 
nan 
nan 
nan 
nan 
nan 
nan 
nan 
nan 
nan 
nan 
nan 
nan 
nan 
nan 
nan 
nan 
nan 
nan 
nan 
nan 
nan 
nan 
nan 
nan 
nan 
nan 
nan 
nan 
nan 
nan 
nan 
nan 
nan 
nan 
nan 
nan 
nan 
nan 
nan 
nan 
nan 
nan 
nan 
nan 
nan 
nan 
nan 
nan 
nan 
nan 
nan 
nan 
nan 
nan 
nan 
nan 
nan 
nan 
nan 
nan 
nan 
nan 
nan 
nan 
nan 
nan 
nan 
nan 
nan 
nan 
nan 
nan 
nan 
nan 
nan 
nan 
nan 
nan 
nan 
nan 
nan 
nan 
nan 
nan 
nan 
nan 
nan 
nan 
nan 
nan 
nan 
nan 
nan 
nan 
nan 
nan 
nan 
nan 
nan 
nan 
nan 
nan 
nan 
nan 
nan 
nan 
nan 
nan 
nan 
nan 
nan 
nan 
nan 
nan 
nan 
nan 
nan 
nan 
nan 
nan 
nan 
nan 
nan 
nan 
nan 
nan 
nan 
nan 
nan 
nan 
nan 
nan 
nan 
nan 
nan 
nan 
nan 
nan 
nan 
nan 
nan 
nan 
nan 
nan 
nan 
nan 
nan 
nan 
nan 
nan 
nan 
nan 
nan 
nan 
nan 
nan 
nan 
nan 
nan 
nan 
nan 
nan 
nan 
nan 
nan 
nan 
nan 
nan 
nan 
nan 
nan 
nan 
nan 
nan 
nan 
nan 
nan 
nan 
nan 
nan 
nan 
nan 
nan 
nan 
nan 
nan 
nan 
nan 
nan 
nan 
nan 
nan 
nan 
nan 
nan 
nan 
nan 
nan 
nan 
nan 
nan 
nan 
nan 
nan 
nan 
nan 
nan 
nan 
nan 
nan 
nan 
nan 
nan 
nan 
nan 
nan 
nan 
nan 
nan 
nan 
nan 
nan 
nan 
nan 
nan 
nan 
nan 
nan 
nan 
nan 
nan 
nan 
nan 
nan 
nan 
nan 
nan 
nan 
nan 
nan 
nan 
nan 
nan 
nan 
nan 
nan 
nan 
nan 
nan 
nan 
nan 
nan 
nan 
nan 
nan 
nan 
nan 
nan 
nan 
nan 
nan 
nan 
nan 
nan 
nan 
nan 
nan 
nan 
nan 
nan 
nan 
nan 
nan 
nan 
nan 
nan 
nan 
nan 
nan 
nan 
nan 
nan 
nan 
nan 
nan 
nan 
nan 
nan 
nan 
nan 
nan 
nan 
nan 
nan 
nan 
nan 
nan 
nan 
nan 
nan 
nan 
nan 
nan 
nan 
nan 
nan 
nan 
nan 
nan 
nan 
nan 
nan 
nan 
nan 
nan 
nan 
nan 
nan 
nan 
nan 
nan 
nan 
nan 
nan 
nan 
nan 
nan 
nan 
nan 
nan 
nan 
nan 
nan 
nan 
nan 
nan 
nan 
nan 
nan 
nan 
nan 
nan 
nan 
nan 
nan 
nan 
nan 
nan 
nan 
nan 
nan 
nan 
nan 
nan 
nan 
nan 
nan 
nan 
nan 
nan 
nan 
nan 
nan 
nan 
nan 
nan 
nan 
nan 
nan 
nan 
nan 
nan 
nan 
nan 
nan 
nan 
nan 
nan 
nan 
nan 
nan 
nan 
nan 
nan 
nan 
nan 
nan 
nan 
nan 
nan 
nan 
nan 
nan 
nan 
nan 
nan 
nan 
nan 
nan 
nan 
nan 
nan 
nan 
nan 
nan 
nan 
nan 
nan 
nan 
nan 
nan 
nan 
nan 
nan 
nan 
nan 
nan 
nan 
nan 
nan 
nan 
nan 
nan 
nan 
nan 
nan 
nan 
nan 
nan 
nan 
nan 
nan 
nan 
nan 
nan 
nan 
nan 
nan 
nan 
nan 
nan 
nan 
nan 
nan 
nan 
nan 
nan 
nan 
nan 
nan 
nan 
nan 
nan 
nan 
nan 
nan 
nan 
nan 
nan 
nan 
nan 
nan 
nan 
nan 
nan 
nan 
nan 
nan 
nan 
