# "MSD"
0.0 
0.5008275459741729 
0.725993225769816 
0.7950241982007981 
0.9581530649799294 
1.1134145848554426 
1.0963482695705886 
1.080735929951538 
1.034943803349226 
1.1175573168285349 
1.1270254209997586 
1.179981312486069 
1.3871051629054423 
1.4533588188905282 
1.4522051964511906 
1.6753692257075983 
1.6901575677444325 
1.6543473043146586 
1.594579657371447 
1.5417960258190755 
1.7603634616550836 
1.662437395040159 
1.7700547641866962 
1.944230247737032 
1.9091818078358331 
1.8067591843448687 
1.8405539426763664 
1.8489641337649294 
1.8658753940422073 
1.8031593870000424 
1.9649450162797781 
2.0290437452603296 
2.11670392848439 
2.0105323281460894 
1.9589137994114583 
2.019445184017875 
2.0377131479546557 
2.1000524665290943 
2.1275770531788356 
1.864839476681654 
1.9913869274674183 
1.937810279091031 
1.8033986970706843 
1.8575719587258757 
2.1543364124701303 
2.1118862373299043 
2.0908746418583926 
2.256440433574906 
2.1508423589483447 
2.3604627874156394 
2.195831441536777 
2.3761852592041377 
2.4574058829628607 
2.4808900953809325 
2.4697162579270384 
2.365855269898621 
2.6190217565555627 
2.8783676924465755 
2.530298837787665 
2.5817428622473853 
2.8069530529724127 
2.7204789478629157 
2.585328638372034 
2.5933138753825298 
2.5955690134161675 
2.644755089552102 
2.8388806500812382 
2.8021411290499225 
2.7519911929170915 
2.9153202365955075 
3.0495044738908734 
2.8602252805608313 
2.813865659739914 
2.9879024367600655 
3.192102930799933 
3.134488691234404 
3.2771195592822626 
3.351004568550731 
3.188352945999886 
3.325213855271476 
3.2201357475393233 
3.3092925853022126 
3.1697599223875845 
3.204946164517269 
3.5165062611504436 
3.4424855578076397 
3.3826160158675784 
3.479196012024394 
3.6118643285629335 
3.603380756350382 
3.2128816224890375 
3.3237337722161726 
3.443581069225659 
3.5430369805932886 
3.558247814407402 
3.5911739615244724 
3.6821668495795388 
3.3722681599205355 
3.4856064160408353 
3.5692789920667596 
3.476483582926004 
3.366009276238739 
3.3808592244368536 
3.395622460512388 
3.399080427417014 
3.4848248332565563 
3.679988675424241 
3.6865655918341274 
3.641872374068372 
3.5179167621012186 
3.7987409988727228 
3.7138138023564 
3.8015026089476502 
4.150726757242694 
3.9493837051191414 
3.961961120552362 
4.101698242623294 
3.9421319856714945 
4.133522961651762 
4.240453840765348 
4.251762171450443 
4.279314354717138 
4.49920358187084 
4.286508072566301 
4.228266660837582 
4.408200498743864 
4.503309282084968 
4.61146787501836 
4.544958790166033 
4.414290779973194 
4.550096042914118 
4.696176629903678 
4.518494203937499 
4.6970994952042116 
4.404502070933082 
4.648476306612245 
4.727467500857166 
4.6354052367064575 
4.688471596488291 
5.0193556623754585 
4.5755973404870405 
4.879066420408329 
4.579773372498521 
4.899921708295314 
5.0424667561009375 
4.8215424631326504 
4.660561297872355 
4.638995986769806 
4.727201167662548 
4.795224338026129 
5.291721072820841 
5.492563086963918 
5.369212810594699 
5.428430491796196 
5.381319584940735 
5.448657615036206 
5.484580323421219 
5.283835570852097 
5.1871940188511765 
5.186327617092836 
5.455638604063644 
5.343174327056933 
5.6213797249048865 
5.500290695678193 
5.736889546542462 
5.769268121604016 
5.880403888777534 
5.522583344518642 
5.91469071716972 
6.01060911638579 
6.351507762831393 
6.356951726386337 
6.295636689252692 
6.47179940597262 
6.722313242577265 
6.988853976960629 
6.644134696895925 
6.963040531328339 
7.004875473351477 
6.774825850824248 
6.841657844031999 
6.826154081366819 
6.682274760334406 
6.5365035284553015 
6.592185100727348 
7.077184253357648 
7.08297903028823 
6.6466938559083015 
7.088222213538985 
6.976194386173155 
6.963586558023267 
6.8992415319278395 
7.273043759665319 
7.00555409916873 
7.521930185188411 
7.3015899174642795 
7.630023896628648 
7.325567868070338 
7.67806228011483 
7.61742386441431 
7.464522317077539 
7.505537706759885 
7.688641265002773 
7.815747390902696 
7.730178550818243 
7.764435484430083 
7.815024697560411 
7.606538528562478 
7.981842425277234 
8.075897577868869 
7.394482329826736 
7.718650296828069 
7.6354518846021895 
7.48503630467136 
7.699359200104028 
7.781198453433685 
8.212080026382969 
8.352936571065449 
7.913940585093744 
7.515350288688938 
7.697442320931771 
7.682932796546185 
7.804215932314536 
7.825807515723689 
7.741889493443485 
7.590339450225246 
7.860366911892684 
8.067929275561932 
8.10069299813813 
7.667306633635146 
8.075051534454715 
7.857629202371284 
8.26797510901923 
7.815891614356716 
7.90943917528806 
8.27244659899583 
7.813952516304219 
7.765715834639538 
7.940908006314061 
8.080270031175528 
7.857686277440816 
7.436505876899845 
7.75881570673645 
7.979959211229327 
8.15504744325489 
7.771696831500303 
7.995725650240869 
8.065133563743853 
7.656903897397874 
7.595963615512653 
7.3040700841114345 
7.452152565218552 
7.539502667151942 
7.4942598867897425 
7.177902478326893 
7.533113721949519 
7.547493344556246 
7.561021458437141 
7.25063417644596 
7.355097613902784 
7.299354575580072 
7.260995268579715 
7.476991374432606 
7.5474456859604935 
7.706001771493022 
7.507732859456424 
7.235375655115058 
7.628961463718349 
7.425985116833577 
7.2227943863773145 
7.421567208591979 
7.517767545892749 
7.505671240722955 
7.308505249855041 
7.337629160809945 
7.341999190616282 
7.387231108395063 
7.444022748136358 
7.36998139271898 
7.330102107988861 
7.440260107855323 
7.593127592235143 
7.691159679198269 
7.23944526563108 
7.447649676146584 
7.447304621261834 
7.391513712433795 
7.13532972840493 
7.407400550841584 
7.684438451304578 
7.716855482641967 
7.523946208945261 
7.789763729091049 
7.354092818630169 
7.738646535229417 
7.826216579449636 
7.729546339675031 
7.656779702050084 
8.067622013127632 
8.059867127130532 
7.755414844383894 
7.7404516411621405 
8.121899642332302 
8.37630210804288 
7.890921377776548 
8.09550410579423 
8.128870921783145 
7.768950567429097 
7.959807428756447 
8.22895437294567 
8.038544957428226 
8.145890379415174 
8.201383344781208 
8.069934832344206 
8.099901407028435 
7.760741297852255 
8.131540770532952 
8.582982655414597 
8.22352035993828 
8.46422267677573 
8.386984838305354 
8.278963897943218 
8.128498039432351 
8.017771916824236 
8.495158133634144 
8.38819544449329 
8.256890438328265 
8.142764701676327 
8.210193692462123 
8.218337700432354 
8.215554267916932 
8.408619895636248 
8.46141138512497 
8.493823220120508 
8.737611348495479 
8.712539371029806 
8.70089512985244 
8.550678596097814 
8.599341882470341 
8.493868323871741 
8.529270551635525 
8.62402096296972 
8.612642019744762 
8.624116517954926 
8.676254913180113 
8.641153117010228 
8.67089216613566 
8.489257634994335 
8.18413042081797 
8.44610083120131 
8.704425040918782 
8.52538414998679 
8.880426066126502 
8.401768373075614 
8.49618423436833 
8.670042873413594 
8.6749036181686 
8.5712636330957 
8.425899704470005 
8.625361428353129 
8.66920140848006 
8.570403276758965 
8.476923432757092 
8.396301293987863 
8.556683704044756 
8.772556916219639 
8.433020432318301 
8.503496537362862 
8.625455585179864 
8.64120239553683 
8.985894713357714 
9.313181662160751 
8.701109381661475 
9.11590605573033 
9.01180808144964 
8.79999640183813 
8.81246200826404 
8.78748717318721 
8.91311996930596 
8.835142771673926 
8.807755831269636 
8.977115928168214 
8.725566718787539 
9.008048075755623 
8.502892943429247 
8.477058850980846 
8.682111910456753 
8.500822508347525 
8.420828032167377 
8.455954778196897 
8.282260530578752 
8.315116495696984 
8.261885928959568 
8.360684410352068 
8.355958794707176 
8.234544205806316 
8.025659152311219 
8.014318637753219 
8.10312714618639 
8.20217193597767 
8.131839463189882 
8.322427089825137 
8.343557289266865 
8.225722704600114 
8.14753306492405 
8.10268161791146 
8.160349989557805 
8.509469255576137 
8.499190444033221 
8.35396317460751 
8.32491589323318 
8.501687435401065 
8.329949112167984 
8.510929675481039 
8.480170462355183 
8.732221144792502 
8.66748348652728 
8.531288797945402 
8.26464806816791 
8.461420283929394 
8.981985898606794 
8.873867445345423 
8.892501411847926 
8.719836511475904 
8.842615017236156 
8.942217697918002 
8.925042794903069 
9.249489931619157 
9.490504407105577 
9.339786419297411 
9.115623917496649 
8.97637861959494 
9.211342500740123 
9.126814133353669 
8.96515090246339 
9.24106715042619 
9.030486478345436 
8.77073836980708 
8.522419678557345 
8.96550624578571 
9.010383794994631 
8.891813821738811 
8.98385916217583 
9.06388391355347 
8.717931436195967 
8.724679172232834 
9.37004926208162 
9.40840094530183 
8.73086459363418 
9.070456316197484 
8.936087700600208 
9.026182925642507 
8.826468605086834 
9.050987886665006 
8.909228170954547 
8.927987867662042 
8.672452023499423 
8.827093422448206 
9.153528727893477 
9.119622910964413 
8.720086670458201 
8.840518979911558 
9.156880715463863 
8.731401624495605 
8.795642969763737 
8.775463443518838 
8.820787735893221 
8.831756634444824 
8.828201292571153 
8.938334707381365 
8.571905735808388 
8.763431971403495 
9.006576341969247 
9.101226357762926 
9.378720699011241 
8.71118404116137 
8.742568932959651 
8.517352607133903 
8.68491048106321 
8.554565100598001 
8.513227665224608 
8.5731820470303 
8.843611869833452 
8.648444100077935 
8.939472584043461 
8.494728762667354 
8.667535337333542 
8.789072774371387 
8.930488191490277 
9.007212020411803 
9.121188442838879 
9.304688165448583 
8.841741168614599 
9.315898664095274 
9.284821862527105 
8.926014639631646 
9.380174257540387 
9.115987589533912 
9.154731323335916 
9.15176007208117 
9.299809859969557 
9.471527166050494 
8.879799707754282 
9.090603395491215 
9.351497222812034 
9.575815507569791 
9.043480824945178 
9.597129774609456 
9.493614325940516 
9.334226674907017 
9.351595321041547 
9.344190137696431 
9.391198991499115 
9.151990862279138 
9.262562239304323 
9.76717843237054 
9.252563519759128 
9.104245528176941 
9.231354832307561 
9.252874049596905 
9.41042326632305 
8.757559720618271 
9.204928767729847 
9.057841207251952 
9.109075118110193 
9.023549430271276 
9.091819538587536 
9.010208230479684 
9.006533651935948 
8.927004358318673 
9.040114854598139 
9.412984057362708 
9.131604675878663 
9.26627795062027 
9.453585443908379 
9.382427564454598 
8.981199353632654 
9.35952476222503 
9.053665234586584 
9.380223287563663 
9.637931272720957 
9.757348841726017 
9.551679793900142 
9.600689315911938 
9.450376586766886 
9.49352930668439 
9.395615397561722 
9.64903552744179 
9.535005625330117 
9.330221872293462 
9.460490233087377 
9.462060075519986 
9.611646356929713 
9.777901639505009 
9.779817048839071 
9.654966340980039 
10.122875384876682 
10.071975814904235 
9.86559875895946 
9.746834484177652 
9.762662494582461 
10.162595175049667 
10.306834612600415 
10.192358263681433 
10.138222956455893 
9.908399991049814 
10.29319653668474 
9.884905482126081 
10.201678058957611 
9.878062519060014 
10.326667367591744 
10.17459756629067 
10.228041710178617 
10.513733353634962 
10.74548038079455 
10.318162508259464 
10.230186089083967 
10.364805306513468 
10.377344550972234 
10.523677746592796 
10.707252689967257 
10.344133568994485 
10.536784005274733 
10.373389957757029 
10.303611787449055 
10.370362605250014 
10.359154624483244 
10.45656477520271 
10.558495212763232 
10.358802621038583 
10.062537485559252 
10.163996535314725 
10.454962631694356 
10.560615923655782 
10.748472809869268 
10.817335531250079 
10.428295534466288 
10.842762351820081 
11.04259182951512 
10.987127255873814 
10.633243333961845 
10.582285364244237 
10.798292043649862 
10.822397467074737 
10.94227637049861 
11.180947882305517 
10.87380032366065 
11.019046943849604 
10.90079983728737 
10.910667362039824 
11.069099564918346 
11.242363729456818 
11.004726191169736 
11.331425561759831 
10.811186352144777 
10.918671836734363 
10.778631207579085 
10.99379015599434 
11.082220014930245 
11.315030187385553 
11.297329808280638 
11.50437391123896 
11.33371053003651 
11.33391565059388 
10.870661769321684 
11.51089814461417 
11.485626059665263 
11.6894747068687 
11.582969062136206 
11.179595631465375 
11.399632947576745 
11.491493550791686 
11.097070030514056 
11.163102070372735 
11.249072607816071 
11.25140529587671 
11.831607396813114 
11.292474241050002 
11.591831703837933 
11.531788683550149 
11.755137598507092 
11.336483150533118 
11.281672115313167 
11.466654211703375 
11.274464087025477 
11.236332797402875 
11.239607200182492 
11.320622644159927 
11.450586673174298 
11.46972033022633 
11.824441105155497 
11.354971739371402 
11.330930519743523 
11.452507010285773 
11.586590414433601 
11.620982212299284 
11.628445353930337 
11.924597881994774 
11.446624751378707 
11.340293453160768 
11.81131089982354 
11.635250391221094 
11.793603813916866 
11.593788363702311 
11.482662506778352 
12.145346547780939 
12.260247055922182 
12.191700551515218 
11.89620714682036 
11.606354121322163 
12.23640634079475 
11.941391115597517 
12.539695781047943 
12.033882493879037 
12.538255705284088 
12.145462252192967 
12.15747331960381 
12.883758612376576 
12.916702261121452 
12.70861451068721 
12.851727656735648 
13.116455512626569 
13.268771129193018 
13.06426049269903 
13.019596382432129 
13.09330650284832 
13.250812343236353 
12.838701140321238 
12.985602152341492 
13.16581902416127 
13.057924413727575 
12.938974448314786 
12.80977843240975 
13.139269493707177 
13.269802318703826 
12.970112340273168 
12.890486810143964 
13.04804761452863 
13.305406824143427 
13.54853182262646 
13.289130636066856 
13.086383193546228 
12.875916669664262 
13.146706186176258 
13.516435544515907 
13.38836725408534 
13.355048026440988 
12.83631888756016 
13.039467026745895 
12.922350235630793 
13.78756216596404 
13.478429074197292 
13.666251650727338 
14.099368052095716 
13.63514148654931 
13.695315165934888 
13.605601804048316 
13.209795918452057 
13.634872924866734 
13.807147816190556 
13.920423316827415 
13.719617637027758 
13.790022132889012 
13.625579509853797 
13.677511519959184 
14.369340635667493 
14.366845754688013 
14.25146283899791 
14.225381022104191 
14.186207521233772 
14.074728402466624 
14.01451250275167 
13.846487535172544 
13.869173748620712 
13.540581796303659 
13.446100956899402 
13.543922521031423 
13.381400427878283 
13.966816811807233 
13.870321266254454 
13.599255800081009 
13.693822413772105 
13.605122841040956 
13.727624712994235 
13.57115595178555 
13.696368031079674 
13.633739846147227 
13.975378301946787 
13.999340699831508 
14.043296589587875 
14.337580163160643 
14.359340234561031 
14.2433157271339 
14.327835507313445 
14.515006607250537 
14.270436144627606 
14.242262027762795 
14.44355662778854 
14.628817971617067 
14.62594421176278 
13.971370398099648 
14.797233710559011 
14.702770301626853 
14.815740966625473 
14.470219038312164 
14.398070183042071 
14.544432410853396 
15.026513129573036 
14.572839313544803 
14.374907155315434 
14.995430104377379 
15.669430267954754 
15.59905681972505 
15.200232153009178 
15.052697165093253 
15.182867438064976 
15.22691654901442 
15.31156715231202 
15.61672224342045 
15.365339175356905 
15.905405930697704 
16.19052809198452 
15.767298754624225 
15.194229960859483 
15.747248029742535 
15.630548081653778 
15.850419199911324 
15.55564250285622 
15.385055010470365 
16.141247634366177 
15.861426461951238 
15.870991133192039 
16.44999146436359 
16.03862888453508 
16.643646133786483 
16.462760010342517 
16.209506060155803 
16.297834310025806 
16.198905061037518 
16.688916740433942 
16.941922487266392 
16.819395670387816 
16.689627901906366 
17.206247243940204 
17.336474096642362 
17.195543365711973 
17.03472425758392 
16.838487113898918 
16.835637577563702 
17.078080163835928 
17.460202731965012 
17.555850991052434 
17.453345624331398 
17.50810415958126 
17.505277971395284 
17.481023858909953 
17.745453770799617 
17.12161095494714 
17.534736690522024 
17.529736994687443 
17.60689215581105 
18.138225860186314 
17.911996396129133 
17.844295422487495 
17.8184732604942 
17.84919665194649 
18.132794085963415 
17.790915139862953 
17.49289058017936 
17.777701743558037 
17.631493107972105 
17.793304111945293 
17.800260969260457 
17.690293272059634 
17.577994583155945 
18.07848086676844 
17.59130981313849 
17.65377771384419 
18.533878325491372 
18.056370323130995 
18.102080366125616 
17.727238156409083 
17.80310651425361 
17.677920467938993 
18.218281429732333 
17.90027116594502 
18.28192179318849 
18.007275916728503 
17.730358200812574 
18.105014283107575 
17.763783395042307 
18.238114196776653 
18.44076305635477 
18.867922794510932 
18.627767106385946 
18.000382476809865 
18.776449665420447 
18.932223586794855 
18.750882754434546 
18.82073222962744 
18.965732369216088 
18.86582314621599 
18.650094202542746 
18.815346208867034 
19.43580819942986 
19.46808775797426 
19.6557795169932 
19.509546954183314 
19.155745177598728 
18.963087678899576 
18.91460494770432 
18.60917184951956 
18.7477925685871 
18.96205316531313 
18.825043697232346 
19.222681412898055 
18.798759342433975 
18.44953030305402 
18.851252746770534 
18.798654395621586 
18.797392942927296 
18.906952754607545 
18.828810563590512 
18.993673697839334 
18.813856056685577 
18.603619236156618 
18.431309516350947 
18.274120765089776 
18.210679381270957 
18.391065928106745 
18.05348487472225 
18.339532971758835 
18.10946898145501 
18.290922135397444 
18.202470772849043 
18.638312538755706 
18.821890080201726 
18.822926820527503 
18.56706783725133 
17.709325153327978 
18.020453810162408 
18.14695577787335 
18.3013536023709 
18.50752262497355 
18.444248834361705 
18.188419052293398 
18.80565968874757 
18.04239251167542 
18.142251869638596 
18.363212530965885 
19.05835817216866 
19.00802598487412 
18.531796036613496 
19.5485265104647 
19.40031931898753 
19.009032875600155 
19.43646542356223 
19.084572883481925 
19.19780505131353 
18.522258032999293 
19.0771309722116 
18.672406213400613 
18.874998452979796 
18.29983056665902 
18.526974832250282 
18.085660893311573 
18.816077756848262 
18.58273258975331 
17.87263191387446 
18.31039836215093 
18.041872011229447 
18.16809771398024 
18.859834536723344 
18.88632605820692 
18.67295654055952 
18.07248383296372 
18.625994539300955 
18.736460918824587 
18.806786846035934 
18.554276234616957 
18.669405912969623 
18.580326957048744 
18.888233834866096 
18.477282485216804 
18.23175770576093 
18.131984315812698 
18.973915603181876 
18.982293882342926 
18.101595169478397 
18.293949813861282 
18.439579904652017 
18.755900218961383 
18.57491326257255 
18.558606646084268 
18.72295535554476 
18.653389353984082 
18.655778427780476 
18.17764296267928 
18.149404403344292 
18.902152249748845 
18.595461385435737 
18.946612622209898 
18.828356996027008 
18.889219419054964 
18.374715914703835 
18.56376472583493 
18.6622454568943 
18.469507603663175 
19.135663110108553 
18.90706792592671 
19.034485102553145 
19.020037230304542 
18.96089643547602 
18.869055057029186 
19.260245675174232 
19.220397178490437 
19.18147826301567 
18.90270929093719 
19.04409970595947 
18.453875865491288 
19.112555446263542 
19.67418781237238 
20.16287963189525 
19.52576401765034 
19.575676701525524 
19.834203073881778 
19.61110951925051 
20.158080793647567 
20.026396122288606 
19.993161095804503 
19.760160600795594 
19.033350261152396 
19.140235520142763 
18.759125759670187 
18.903562363215908 
19.073562423452532 
18.429463885337697 
18.92784191107166 
18.704836378246657 
18.942091821119064 
18.592032778855646 
19.138465416176956 
19.64124378997503 
19.873474311503916 
19.333952428063444 
19.372232468797026 
18.979348340963057 
19.69748141162105 
19.15208923429844 
19.479869978424244 
19.364963852114904 
19.498949969763316 
19.52265886114422 
20.006536046821243 
19.826150411041386 
19.15710902581766 
20.08711050002321 
19.747292938616656 
20.597436277697756 
19.75918724658925 
20.409613226170823 
19.913710916155758 
20.313997349862106 
20.78584316983319 
20.690229410325387 
20.245599380651143 
20.583395459303794 
20.306664534499664 
20.79935634742241 
21.085201900161746 
20.6125948447007 
20.95503543956207 
20.74200219369453 
20.879232595350604 
21.097113452611758 
20.7102830727405 
20.760369620520148 
21.02647790533018 
21.823555083742708 
21.959010197631454 
22.07818137900053 
21.431222552964627 
21.76381468956438 
21.685222236424064 
22.038821040311422 
22.248673442245284 
21.65036249608735 
21.504661694035477 
21.268866250743372 
21.026106744716067 
21.26601671465189 
21.6434111548637 
21.88439773544598 
21.77541528335664 
21.551709363446875 
21.582122201648854 
21.781858051868717 
21.602830549583125 
21.775875534086477 
22.00425358968502 
21.92786535881023 
21.39371262219642 
22.086931554528654 
22.385970354443426 
22.27096259922687 
21.601419056919145 
22.382924712991116 
22.046759830113515 
22.04583801306034 
23.03446182646435 
22.362826251066313 
22.947557244960223 
22.294098914430332 
22.40056274170649 
22.32244135217177 
22.786649026275263 
22.493961679333847 
22.132465153451662 
22.515517613631328 
22.511959318614487 
22.162576071469154 
22.467595072680776 
22.18474217973189 
22.69096675160253 
22.27696357439158 
22.108692289479492 
22.592432422485608 
22.47010434933893 
22.01667493874967 
21.915338621098257 
21.748458630537037 
22.82245895874163 
22.30824591399659 
22.41202838822015 
22.01413643669524 
22.445348591493865 
22.347307055898973 
22.813718904612422 
22.384640121304102 
22.724969687459836 
22.25562362319597 
22.21496714101017 
22.442130619242334 
22.514384003906773 
22.807842099419414 
22.44957294121168 
22.2177330819293 
22.55050819588511 
22.161056447237844 
22.444955131422383 
22.28385614953093 
22.745479477340357 
22.51631089871032 
22.45850619684513 
22.22193302376547 
22.462736521469978 
22.171014274923348 
22.87978232475731 
22.594658375701865 
22.736305426768997 
22.976749839079865 
23.05598319071127 
22.67521446243934 
23.373329769526915 
23.177519341107185 
23.028837264128487 
22.659601116056475 
22.958165780057627 
23.00030220715273 
22.465387806903937 
22.66837362631143 
22.490655446224995 
22.6261065897416 
23.250003208379034 
23.389883807508635 
22.891609418393152 
22.694876496708574 
23.406779114860342 
23.20815761028558 
23.369049906447405 
23.12908650062605 
22.71062171804863 
23.04515608159335 
22.721155694365297 
22.625826356826227 
23.484317194013922 
23.272783280966095 
23.465618921067712 
23.296708568006032 
22.591648457056184 
22.814783870124536 
22.90039983491344 
22.525590012872065 
22.670707797649683 
23.582950791955327 
23.513090243788113 
23.694416021815627 
23.64836041809874 
23.343038816732037 
23.369363566357524 
23.38976346775748 
23.252063568869772 
23.79353496620672 
23.92429296570999 
24.40827562486392 
23.68643172559346 
23.924831113817817 
23.514482200033623 
23.216675277871268 
23.02215190084302 
22.888681731614028 
22.512028456177788 
23.401907660268563 
23.278649502482455 
23.350370835017586 
23.188309458607755 
23.477204751383645 
22.684356323141767 
22.5705764001203 
22.52236002419532 
23.111910276272724 
22.770828442285406 
22.952254165806135 
23.11331935715052 
23.42465109927288 
22.94050087783019 
22.75340347371976 
23.250365642046624 
23.37324390021308 
23.38949510737154 
23.44807354018408 
23.319446420526244 
23.01378463483904 
23.54090677846935 
23.470022152729605 
23.721050568594382 
23.67469906206609 
23.62053905734661 
23.335128232201996 
23.246154040361322 
23.49889498536827 
23.143524294766085 
24.41832736155996 
24.093285473098987 
23.92425904626921 
23.793183843290542 
23.44420171341977 
23.524816547584095 
23.29236775847176 
23.32047321702339 
22.888481697506123 
23.105060210596594 
23.425814128885012 
23.070012376198658 
23.72900119135552 
23.28712643060692 
23.277436747502882 
22.992254152597404 
24.076738471153085 
23.868129756383603 
23.574992440104122 
24.094639170766808 
23.1110799554111 
23.692945965295323 
23.49881285205702 
23.53091533855784 
23.485759789837225 
23.02513158771025 
23.559847152558376 
23.692399029553638 
23.874410210812474 
23.747489387621627 
23.714011478069548 
23.777213875028334 
24.214450967456052 
23.834446242890973 
23.698368992141358 
23.758823101891362 
23.445890455079052 
23.668423806483247 
23.39161165423934 
23.412869693546075 
23.065436582408978 
23.943145181959533 
24.30699185821052 
24.453287571749485 
23.50996223315101 
23.656498087516994 
23.584139870122037 
23.75271708458237 
24.424827466952134 
24.24441541081658 
24.328926602996408 
24.52580174165339 
24.99215913181926 
24.393077745158163 
24.321351737637432 
24.481507364322013 
25.25020451202337 
25.52133553616457 
25.423602014467146 
24.655237751964858 
24.40235552522684 
24.936055342462026 
24.73095382161479 
24.60212369852445 
25.04870063096766 
25.70516176094195 
25.66051632173556 
25.96636063534451 
26.07137192388332 
25.48349681624804 
25.35455673924418 
25.947159280089277 
25.841212185131575 
26.715895567929714 
25.861858214281668 
26.212744199134036 
26.624222234674566 
26.817781461653993 
26.28560341021859 
26.228030537790534 
26.436113345435846 
27.406836691004838 
27.103476653442048 
27.287925488321417 
26.93384844810331 
26.481207554119425 
26.256810054077548 
26.91846887265506 
26.105960219279364 
26.16070741789026 
26.236564714155453 
25.78117162242774 
26.112659240587295 
25.9516411757802 
26.66456002632777 
26.387955411833804 
26.142135040881886 
26.127870304917693 
26.30993686935402 
26.444489637991403 
27.17544568089109 
26.313057248265867 
26.338486525695405 
26.53219214926433 
26.99363728508322 
27.062651580743612 
26.91229292670139 
27.489542124281044 
27.436052677608604 
27.31634130142051 
27.599625600650914 
27.71824333669303 
27.613945250390643 
27.758971129495595 
27.35000541052804 
27.418797102461934 
27.678297516296404 
27.437243868775653 
27.62232749015875 
26.890486743823292 
27.11138307918643 
27.672687019171576 
27.379971044698454 
27.6644282990525 
27.425129046534284 
27.30570646058738 
27.350772220146318 
26.932632869393235 
28.06838505212541 
27.587009658349007 
27.59657233524726 
27.244996222806158 
27.782439025487403 
27.57757946706965 
27.699497569099623 
27.427276376817627 
27.768120145396544 
27.83041024551935 
27.377043584947522 
26.715221742131106 
27.72673502145458 
27.719813197415853 
27.74530780187024 
27.686906570445974 
27.850941721165505 
27.934048002883056 
28.331775092705893 
27.715876390616902 
27.713908714406646 
27.63786617441238 
27.771730123184724 
27.41210506631396 
27.244625426337276 
27.837562458891707 
28.01535612160397 
28.13418662897505 
28.356551133238455 
28.513688836981213 
29.343100905539185 
29.303545963028657 
28.752687519338206 
28.51765386063617 
28.823073230228562 
28.3694536978596 
28.53934584874228 
28.06953946666183 
28.75272242744897 
28.742778586644437 
28.510671854472868 
28.216197550638167 
27.99412827702256 
28.82062019077129 
29.109556893184365 
28.25963460209114 
29.07827712067222 
28.364726939912703 
27.86336917077998 
28.15289090105609 
27.57392646045805 
27.4001732567993 
27.39001894695113 
27.767465408402874 
27.625525062125902 
27.290054248988024 
27.67051188321281 
27.540254443570365 
28.138806012207553 
27.545062960379646 
27.633242147845113 
27.815092424352116 
27.65420109705239 
27.842169001701862 
27.630181021766727 
28.00545730538615 
27.905235369226624 
28.212537432782028 
27.87698011062761 
28.168952266795795 
27.848204593206223 
27.067449349911087 
27.386390754159425 
27.073467520481106 
27.469892493292704 
26.940239300264594 
27.06081852603883 
27.45984506034493 
27.057631830611097 
27.38871994235115 
26.778951855541912 
27.126645956388998 
27.79318025527256 
27.530935077361473 
27.55181130982665 
27.03098546266902 
26.66116494220733 
26.925841329674395 
27.3702507411394 
27.516773360452476 
27.041267845266855 
27.236944143545454 
27.804530148275397 
27.36974662590002 
28.11509575470362 
27.88648746650443 
27.60576147030781 
28.233447699314766 
27.354708378583993 
27.61468942962311 
28.203062151515095 
28.2589317079666 
28.260593657575132 
28.376207721302876 
28.228768925629545 
27.590002582027417 
28.42862797669336 
28.553608718136164 
27.942162681957235 
27.630029724360057 
27.813675672740267 
27.917246362213994 
28.36926703442376 
28.854883498277633 
28.319544812110976 
28.139732271823 
28.052528068405724 
28.93078718704999 
28.41897106515582 
28.53163121432045 
28.121844458416817 
28.06526705978285 
28.525546509649903 
28.14163817563364 
27.882755480757766 
27.99937071253878 
27.530093597100144 
28.300063865785106 
28.563022999765728 
28.09617625659691 
28.09237625036142 
28.693884408498953 
28.73226478902475 
27.692802589434173 
28.522492962178443 
28.271146222981745 
28.00613924702186 
28.758416012767174 
28.49871897742928 
28.87239169375445 
28.72360708437986 
29.156851255067167 
28.77977586925793 
28.396204224754747 
28.77123264272745 
28.47697268039304 
28.177399003083604 
28.50595159877809 
28.540512728491848 
28.097776556955722 
28.5766178794039 
28.416959412304422 
28.967363403416048 
28.323529181063872 
28.61769656432302 
28.286044779789684 
29.211700250035324 
28.592195904870923 
28.44013183402644 
28.36711060622465 
28.32627810158705 
28.38859592093473 
27.93259702390629 
27.80323363698376 
27.488869527678347 
27.165952099489253 
27.904023547533047 
27.50986867262405 
28.017841088152846 
28.3499308554936 
27.8504614437847 
27.882314733114427 
27.656243293505767 
27.76606391331952 
27.998784409098736 
28.60516957020117 
28.313031489001418 
28.43122242628184 
28.300230331780213 
28.690312490677755 
28.401377437187286 
28.271290777346334 
27.676251390707282 
27.767286674323312 
28.97538931975537 
28.432291079037455 
28.323817641739797 
28.400174153007104 
28.201677528714306 
28.724317732689432 
28.20496087887007 
28.929118989416363 
28.043527277908485 
28.136064202675275 
28.03922616642776 
28.37096799272119 
28.066183000823376 
27.65533082725877 
28.0580048836345 
28.116483778865486 
27.633582236395448 
27.760232097566636 
27.812201225905955 
27.77824317647353 
27.78004697684848 
28.454585763344063 
27.86676100723559 
27.76138733527412 
28.055574326670424 
28.001719880739852 
27.626007379220304 
27.313223507610264 
28.141505851247704 
27.39638336125091 
28.06669650454644 
27.529708407586845 
28.629217020709397 
28.15137281089592 
27.558306004125207 
28.02142834290923 
27.419908003974815 
26.847297134455612 
27.799470611033033 
28.029884518680895 
28.35386033421331 
27.79791516371099 
28.141513551860626 
28.046478761201726 
28.19089663417117 
27.946552259279155 
27.676429442539895 
28.100407443545304 
27.761290427750087 
28.03114320431598 
28.034174531666693 
27.87066829346941 
28.582132876737177 
28.203566648599214 
28.314567005487213 
28.67214258284951 
28.228770495838816 
28.01855995168073 
28.0974013758907 
28.339757301596578 
27.65403608018259 
28.751475321209327 
28.595456758252958 
28.4062407359155 
28.526047227213258 
28.15238791680784 
28.32984583967441 
28.30143347016076 
29.392355124575097 
28.810079974634252 
29.327911484173836 
29.310982584106423 
29.305648458031584 
29.77994657556792 
30.036203059838204 
29.858018212497306 
30.265340313641804 
29.765814625894812 
29.530097183177624 
30.076362668707052 
29.73563986580173 
29.71673486539283 
30.171643553974558 
29.566763527241303 
29.792682953367937 
29.52770283912864 
29.82732386177183 
29.74465478312116 
29.469657328609127 
29.81146832148497 
29.886425928627506 
29.51758309681552 
30.031644920244542 
29.206657863820894 
29.496614813024863 
29.817847917996747 
29.892192832178672 
29.583206837609897 
29.710429554220156 
29.725402050842323 
29.547789868035576 
29.949641692553502 
29.424240459977472 
29.405516520118113 
29.692313412231847 
29.73953117524051 
30.179908551844232 
29.910642388587878 
29.601135720409307 
30.156821153780747 
29.833551693061278 
30.37040769164435 
30.018295390581198 
29.483381559253022 
29.61941096002501 
29.939039109382392 
29.655399649545355 
29.714811516396495 
28.9921871922212 
29.941563796745783 
30.1012624946241 
29.76680804010487 
30.034243356762317 
29.70489546656874 
29.3089003880788 
30.375916941455248 
29.96333767738349 
29.40650877680843 
29.90297705844952 
29.993634088134755 
29.545260973182355 
29.14788317931347 
28.996419043485528 
29.701135787136927 
29.829856878892876 
29.676069481088664 
30.028899097932232 
29.764434839897035 
30.067253400074875 
29.24992494564489 
29.87468189035216 
29.69826617024807 
30.02133682413217 
30.114094902329832 
30.446158866170634 
29.666773598889012 
29.284680989698874 
29.798555928836876 
29.20020630203569 
30.10178719246367 
29.615371076711035 
30.12892198118322 
29.338289175859153 
30.29451390752972 
29.528553142988457 
29.37243405859581 
30.112212429777546 
29.61199074941647 
30.619194605467595 
30.018661380043422 
29.44090039566021 
30.312598272105195 
29.701323172634336 
29.903482093255747 
29.568870300866454 
30.017216023175205 
29.417488820434304 
29.442085068931164 
29.759267444388712 
30.013726337436303 
29.805426881854448 
29.34212621660475 
29.552318044196678 
29.9056715689315 
30.03997332119131 
30.23257795958935 
30.04429485479361 
30.853917659751353 
30.867225727693288 
30.19374770588497 
30.031316271839845 
30.315165547875882 
30.71395487269264 
30.11509323052422 
30.017025271211786 
30.230216339113454 
30.58224238640433 
30.75420714644091 
30.275751356063477 
30.858198144200788 
30.696213373452125 
30.719082369193437 
30.757039513004727 
30.905298970174524 
30.743085513561276 
31.08904740809544 
30.64136531892579 
31.488310043033916 
30.792969561718028 
30.726963953990904 
31.139612234648627 
31.564988725531798 
30.978428157043297 
31.83179117704182 
31.253020791315063 
31.116052651000764 
30.884034433212932 
30.712119887047155 
31.435787179108836 
30.721021221924964 
31.16110960121248 
30.803261830528882 
31.20669386978723 
31.78751474983957 
31.3567454744205 
31.397432340850422 
30.50823053015238 
30.93797825701264 
31.008222619360694 
30.940306086591395 
31.106701618552414 
31.188282852962168 
31.16173918367886 
31.027512590730428 
31.081743795486616 
30.71578977290183 
30.82491292160338 
30.466051196478926 
30.790059431037875 
30.238118934750975 
30.44727684986304 
30.241212787201622 
29.876926262083416 
29.85543188421054 
30.207945931836456 
29.955502666979985 
29.943757216898465 
30.162404970346717 
30.106303681933266 
30.590188171366986 
30.563919856626082 
30.384045595370292 
30.10559570409787 
30.509771366740328 
30.585705149169026 
29.61835691351866 
30.050698164980304 
29.1489095684345 
29.397956696540387 
30.129862328326087 
30.334669932959784 
30.42809785557542 
30.07665115538235 
29.712536324682382 
30.394508994728298 
31.22926987551335 
30.745968114788745 
29.953046383885255 
30.15567600105176 
30.577340478318096 
30.20103241029693 
30.065677857737775 
29.99232051082394 
30.67754420263653 
30.465194926716745 
30.09887171013474 
29.880413338533618 
30.34265586075387 
30.063660118957415 
30.50174643792032 
30.446570840028375 
30.36627191696458 
30.285877622475294 
30.405313212180225 
30.82074097836534 
30.58234130541098 
30.502011897827966 
30.59315460850221 
31.14263967907982 
30.725937011713654 
30.312186510856648 
30.57054637067743 
31.34846670330469 
30.711313355248098 
31.32560922253131 
31.284623695550156 
30.858065220253707 
31.237209694292996 
31.067202781900424 
30.713624962318992 
30.62395732252657 
31.005466944049047 
31.050406103705956 
30.724629255088526 
30.599950327598165 
31.046584726288028 
30.698706322052274 
31.176966271369952 
30.87485349980914 
30.82275368686633 
30.839830197209633 
31.437856746321614 
31.184583286350193 
30.540812616483418 
30.34936065765289 
30.21573145099899 
30.75947612761949 
30.733993624196074 
30.45827390042626 
30.674595533469 
30.521312268594993 
30.1371736777845 
30.752504821538516 
30.277228804120053 
31.410511162369986 
31.526439782215533 
31.01136098565925 
31.398588937598515 
31.15769574316701 
31.121940785611347 
31.11657989381329 
31.6459863290626 
31.36240891955991 
31.201574792374604 
30.660593513822036 
30.81156600015779 
31.161646750496917 
31.09375020513587 
30.521253440868836 
31.61356340410954 
31.3568895192883 
31.274609767016297 
31.582457402898036 
31.401123107400554 
31.63792275219051 
31.16692033260417 
31.600603106080694 
30.89940397874128 
31.54295460701858 
31.267955785434783 
31.282954191074335 
31.070854450887833 
30.74116923243584 
30.983951603828558 
30.501245704061503 
30.903072632136467 
31.108334757254617 
30.9023262675671 
31.68269397806723 
31.41592072301181 
30.919803997836837 
31.274195087049165 
31.01657042041013 
31.497661933086256 
31.170048453424005 
31.032885543614057 
30.953202453142595 
31.513522533770153 
31.629932084790305 
31.99832468420358 
31.813878945377127 
31.802544859132027 
31.89614250670134 
32.317584248059845 
32.10327737640185 
32.12086202478616 
31.58450827025228 
32.16822018146085 
32.317695264208 
32.49347045948132 
32.081329589188215 
32.370466777128904 
33.09772713965472 
32.160263755308534 
33.24182176445495 
32.990208034885846 
33.16433355992592 
33.778185132710036 
33.39985528590106 
32.777935340320646 
33.06776959208923 
33.301275520081944 
32.76295359204747 
32.99391028180492 
33.47471714525423 
33.141419993427256 
33.51679436876573 
32.95703481712322 
32.81448769660028 
32.9407465739186 
33.87279207144897 
33.09840932411269 
33.02456562721989 
32.877056616229225 
33.696171008826816 
33.63915417502388 
33.289589011090875 
34.30146281652018 
33.28997446188344 
33.82512240710918 
33.95302898763977 
34.370978864163455 
34.208423110842695 
34.26126559924123 
35.62192179932067 
34.07398009443488 
34.33125882019895 
34.44822486443382 
33.981311312009225 
34.32352986876533 
34.72675020079808 
35.18733761618803 
35.028566347929676 
34.09070558189645 
34.4561608087081 
34.1724250257242 
34.46852217441579 
34.47211087814536 
34.27624506800591 
34.636571252552 
34.54286480163517 
34.478519119024654 
35.1467562031236 
34.05974474024668 
34.51925639330435 
34.290481427464336 
34.643737328882416 
34.648708847877295 
34.77544723098154 
34.61277284137985 
34.35727914257842 
34.58928525774778 
34.41456216405903 
34.76199301403893 
34.65536221845196 
35.45288868457228 
35.55327853585167 
35.04171678344107 
34.904890000731974 
34.85744811480527 
34.81187467539577 
35.88208811049519 
35.14734897326694 
35.153735915735695 
34.808227715742476 
34.664821836224206 
34.2846964962797 
34.772718822767274 
34.750611667450535 
34.55702350585294 
34.390171176227696 
35.399116504589784 
35.256458473467944 
35.384765658970885 
34.75009974051971 
34.78968790849086 
34.73267461256807 
34.09807973156262 
34.48850339821909 
34.29499076180817 
34.18554020075077 
34.2422060569926 
33.99035769517237 
34.209468623562906 
34.03794111761782 
34.13130661206419 
34.13629791400172 
33.772150890389966 
34.23823066435286 
33.82149355387772 
34.81215110116262 
34.421255151642946 
34.37137259309949 
33.68551218371998 
34.20100580247931 
34.419385985783215 
34.83232343788551 
34.654021311538564 
34.43182945098149 
34.70574068665396 
34.93954610740482 
35.16917808842499 
34.36075655970522 
34.72646214293069 
35.150464529272035 
34.83517840526034 
34.57531024390156 
34.48734380783125 
35.11604391372729 
34.37671904542886 
33.98242722194786 
33.98507600449177 
34.59581017925786 
34.2431609923284 
33.91826252062602 
34.55708575029108 
34.99350163400725 
34.70620267823109 
34.48212058631982 
34.5139474799029 
34.699823239480715 
34.586599165555135 
35.35277151881078 
35.88057840858497 
35.18751882597288 
34.989955090493986 
34.85451991408289 
35.35198278978266 
35.66318612445381 
35.91371443370818 
35.71826440542549 
35.93985474176532 
35.78431037490807 
35.31518233821273 
34.96257302915947 
35.079004700180064 
35.53481402385504 
35.29467743324304 
35.021559017013296 
35.305017856138974 
34.84582808672415 
34.940030897016634 
34.892400793431975 
35.338087513603725 
34.99347111112123 
35.394467166205374 
35.40755608253341 
35.93928213674565 
35.32015197485083 
35.04121142675691 
35.57053605840198 
35.340472440842376 
35.56071287446017 
35.52395112374528 
34.789448588073725 
35.12341503409088 
35.370269106063965 
34.91303465200351 
35.48887950767236 
35.357529145519 
35.7664138860173 
35.32311015406383 
35.24337709747925 
35.81874844782455 
34.971747467975895 
35.33314376391557 
35.308045588632915 
34.96433836117805 
35.47781030195005 
35.129639821023844 
35.037051851830796 
35.19166128831033 
35.80944550426349 
35.404621586495274 
35.445169953619015 
35.452699756638495 
35.50239540359272 
35.68111575262367 
35.261271264427215 
35.302815249225404 
35.3751710510263 
35.58793300775154 
34.97733367804662 
36.342187705044076 
36.1519192722234 
35.153662641956615 
35.38800862711236 
36.310618331533405 
35.936613057421106 
35.72299707936316 
36.476805268175696 
35.794788743672996 
36.29215004016719 
35.702054382224915 
35.36883672970768 
35.59233499476566 
35.38402678681121 
34.95624209307909 
35.82541935534866 
35.977852132619944 
35.18517076259146 
35.411397803900414 
35.69162963676487 
35.461694799578105 
35.82468298583505 
36.195763845964386 
35.77427388364348 
35.672606063059405 
36.081272922395925 
36.10917574820302 
35.44843606924672 
35.769768888272 
35.667023588315345 
35.93568531926327 
36.800909092948665 
36.0235094524019 
36.376121311182814 
36.09621444935665 
36.21382728900391 
36.807032923491185 
35.939958694363774 
35.98782336890687 
36.190872708465086 
36.27935791129763 
35.86951215451573 
36.14630918777615 
35.634850575846265 
35.38769287299409 
35.691039129415216 
36.37264376501327 
35.84274994186015 
36.01506788763314 
35.98619899165357 
36.24478210704416 
36.552419973808 
36.3826801160833 
36.259782051884805 
36.69564794846375 
37.203481353916295 
37.12869025642706 
36.13934952307192 
36.76914521280895 
36.79730033575797 
37.20829013850948 
36.86883437631367 
37.075509797935496 
37.232719473071754 
37.56534301640669 
36.780835675861084 
36.72071464246788 
36.39185460252716 
36.862910850430204 
36.93035293534793 
36.08223135168925 
36.833768768893414 
36.64323444318001 
36.561577991834596 
36.75281176122917 
37.22953016320952 
36.41087504936564 
36.667025874885006 
36.580427531894095 
36.89599848031676 
36.5766080443473 
36.850095883759 
36.3543616892168 
36.44193586190148 
36.274375237479916 
35.85361662812159 
36.18733983220212 
36.76958482279344 
36.364186051303086 
36.334636310168605 
36.330135994557395 
36.04659423885486 
36.330725903858315 
36.44552925067983 
37.09605414307729 
37.308994398755864 
37.79932715950365 
37.31737366852689 
36.876176574067365 
36.60948284049218 
37.23581225500262 
37.144526374772056 
36.1761983490903 
36.546651439877394 
37.287088123184276 
36.72328808080356 
36.48264802903553 
37.121888249778095 
36.584194631734455 
37.33965073203191 
36.47377546492743 
37.18323054355975 
36.73712155174804 
36.74916841367357 
37.30864005960112 
37.01414931112939 
37.1591777715763 
37.33489129088042 
36.734723063391996 
37.348927095043486 
37.55555980702406 
37.234169800924064 
37.96897291106631 
37.80913550596503 
36.89758339675253 
36.015900708958 
36.83976017802432 
36.96090653171136 
37.456605622504675 
37.3687477156744 
37.40282300522309 
37.02541894019262 
37.536927645596194 
36.92606355689373 
37.323607072053626 
37.460750936020645 
37.53307131008568 
37.36270197135602 
37.10159002648942 
36.558825749737764 
37.51408628832819 
36.48986042346043 
37.14061873865108 
36.84373980801253 
37.06754106581488 
36.83366593501502 
36.836024818110985 
36.873756659419826 
36.942593898536835 
37.11377315944718 
36.88786544240229 
36.6747461207117 
36.81348174465326 
36.738054581995 
37.01858365697835 
36.776856626637944 
36.71822891973798 
36.490632747045446 
36.51731270136467 
36.73158440755752 
36.3715111069281 
36.80907190682675 
36.634280917548594 
36.66962598808852 
36.73256904715171 
37.01720069409372 
36.37443399970342 
36.91560910681059 
36.47876585390561 
36.56874433767034 
36.981067284897975 
36.34455963919027 
36.51380268754892 
36.24559905955233 
37.067401488290145 
35.873410284532476 
36.67493769391205 
36.50496444967276 
36.20385225927025 
36.86224420888557 
36.789300160819984 
37.11551154882449 
36.2369619910562 
37.05472701668048 
36.706521315195054 
36.96459994934153 
37.17574167126409 
37.16351907726283 
36.689658140797064 
36.663198996242215 
36.89799672608515 
36.66717202175413 
36.645357983284875 
36.49022328710187 
35.931941554296586 
37.44553522911239 
37.13623942038092 
38.04757545751735 
37.1929535613874 
37.53855153590754 
37.05500560935311 
37.67240321079054 
37.80214960512697 
37.45936230098968 
37.58883748566928 
38.306776897545255 
38.605561350945045 
38.11314080774801 
37.54893102976381 
38.40204082622855 
38.01450098528953 
37.50865717714695 
37.66506808113442 
38.04764994043936 
37.815408195698126 
38.25974662550347 
37.89461264376199 
38.13101879670112 
37.94396101477979 
38.27007638571912 
37.95144042596201 
38.02384417332267 
38.303977337742566 
38.48886483752863 
38.17965800282239 
38.106275697085856 
37.73282497228873 
37.84827522383503 
37.65388912926911 
37.88805326848679 
37.72930326425175 
37.66965876049076 
37.57794018824068 
37.646537631234324 
38.44859842237993 
37.38737299606844 
38.46024625651559 
37.794425570389386 
38.04175128483867 
37.67734323358173 
37.60166813734709 
37.28337273978419 
37.241799541194446 
37.912424345999376 
37.706009974968765 
38.45812520951734 
37.52924253389043 
37.63617283095528 
37.146691147576675 
37.80601681286686 
38.345143584853105 
38.234357611752635 
38.45162797303824 
37.72001187293584 
37.60486626328318 
37.903801114016446 
37.87769166186821 
38.077884191123594 
38.316250942862915 
38.59851731923761 
38.066952695477134 
38.83413635027987 
37.83592386093994 
37.589207228758625 
38.36951953151158 
37.85316071886307 
37.74073589876088 
38.145867594692454 
38.48826010209148 
38.32508901376445 
38.70474633326144 
38.484341839126145 
38.69112938635021 
38.40925718225727 
37.903634560872305 
38.38044201167281 
38.16133448890214 
37.77438372774555 
38.32149870558059 
38.60940784327255 
38.65101401899632 
38.886289770527576 
39.024110816447674 
38.95910976948549 
39.47294831094952 
39.983181175773964 
39.36146002604476 
39.38648259892699 
38.75034747626219 
38.87987822073174 
38.55601576812261 
38.58139536444174 
38.751849058674615 
37.9874535712146 
37.81730436734817 
38.15111955801493 
38.28032846110863 
38.51160554293182 
38.190456200256094 
38.84824763075616 
38.413484501522596 
38.52506327993406 
38.71653471424841 
37.55178248629589 
37.498495464321714 
37.949127221005874 
38.02957413484443 
38.57964751960953 
38.10899137241216 
38.16266924869438 
37.26364739487035 
38.04319022205146 
37.78514662267035 
37.6792825447299 
38.06511490233418 
37.736927554653754 
38.09584430836133 
37.96008749063311 
38.64435702182612 
38.52159123378964 
38.39286308223564 
38.16424846491288 
38.401997072545335 
37.615304292515816 
38.48586179583554 
38.682146514283524 
38.294795546753235 
38.48165379074499 
37.31774578013018 
38.47642579359949 
38.55336518443974 
38.5230925260368 
38.58688299564813 
38.04111365125918 
38.10414595066783 
37.625943588727395 
37.75428669295888 
37.679803585445995 
37.95805646304803 
38.330094194100866 
37.42048298400136 
37.847324627175695 
38.062963318774024 
38.19580797834628 
37.930694431018296 
38.47426676141191 
37.491364840209826 
37.76207224004103 
37.53476300972872 
37.45189597602113 
37.58867855866615 
37.6252393087028 
38.00597865853552 
37.3814009668347 
38.194164338402146 
37.84520203226578 
38.362128490938076 
38.67352293417324 
38.95671073613433 
38.193910509727566 
38.13543573902134 
38.407532893121015 
38.73788491103607 
38.363614524018715 
38.27965915220141 
38.47386395285894 
38.41150327699889 
38.64942636142577 
38.11736707764671 
37.9857220145011 
38.26644174389557 
38.104992948885 
37.969611749465976 
38.231969386525044 
38.59083819925791 
38.69855917254909 
39.080894915215 
38.95956297694232 
38.99362378312379 
39.1832328194273 
39.3310369940321 
39.416031941461945 
39.35907429172325 
38.88506576632709 
39.33690071525329 
39.24951630814788 
39.09522400213849 
39.0502009305926 
39.332538270160995 
38.748481512756904 
39.428921623176514 
38.79958673223418 
39.31619140421989 
39.19144857454017 
39.16419497324685 
39.2132498220631 
39.36349038197857 
39.485853130894256 
39.83490963823091 
40.05353197083783 
39.60520386381783 
39.76585377705563 
39.375320425345805 
39.5604210350788 
39.035896342705946 
39.407868893821615 
39.225981501981266 
39.715339954415946 
39.69440408001338 
39.33442425123813 
39.17619774272767 
39.37986589181829 
39.407746189794935 
39.268320420668445 
39.2688815419759 
39.89657689528241 
39.058459860948716 
39.87563586857482 
39.37387558301616 
39.845432094735585 
39.177265190281744 
39.521810905554766 
39.39607497059264 
39.43111713915127 
40.002683132951475 
39.190635894550994 
39.64194165033485 
39.663875037690794 
39.590477927046464 
39.668055205707134 
40.18609594320688 
39.42550846121785 
40.04846569698464 
39.6774705244412 
40.33538546346592 
39.67501169716175 
39.84522621372404 
39.507954800784745 
39.431095769368454 
39.69646018479048 
39.549432134487404 
39.76477583908589 
39.575475102612074 
39.05662086517333 
39.164949103433074 
39.030753432152636 
39.16637061400922 
39.3531898381751 
38.619346386998785 
39.19007052884466 
38.59803892502481 
38.98444077356124 
39.20510966085705 
38.39336540663466 
38.17982874006425 
38.893291281189576 
39.014625290051946 
39.00851840726931 
38.644734107912804 
39.478161265633524 
39.54280853294494 
39.50240904372777 
39.7823561330351 
39.66006616887577 
39.67256463822738 
39.79636967457418 
39.99076369130245 
39.971092155448275 
39.12095406043208 
39.85645741296588 
39.649852807328976 
39.27840723959548 
39.62323198602133 
38.96169473967284 
39.426576363018064 
39.76703131001051 
39.40655783901733 
39.678472405940134 
40.329868893751076 
40.041830293360455 
39.781130043468075 
39.447139151617385 
40.491242967451264 
40.86930591996978 
40.33281009251023 
39.5629573656545 
39.58710992299875 
39.33220837310391 
39.78966851109863 
40.482484154757 
39.50185379019682 
39.67319736945659 
40.15068093296955 
40.5375946225869 
40.45610877327746 
40.27569776235699 
40.593574132442136 
40.32772528307003 
40.36185417103416 
40.52207950085897 
40.12998920216331 
40.3180573849411 
40.4818221497937 
40.14321391894824 
40.4772217931964 
40.04258724764905 
40.14163108760273 
40.74281060955063 
39.426349921919034 
40.15332315851025 
40.46987793520603 
40.11543847069491 
40.66507425750023 
41.98983482048009 
42.15542602296522 
42.00328546294803 
41.62938455592863 
41.991914005994566 
40.95874155328283 
41.64960472505992 
41.26749312658951 
41.408901993804 
41.990240879390825 
41.46116318899791 
41.16258188925221 
41.30274206428362 
42.019611298044495 
41.4277074852132 
42.00600566764152 
41.958042399466414 
41.95032641446208 
41.83107276662942 
42.11608801560756 
42.11671475840963 
41.81985533277219 
41.596014512598835 
42.38761222158294 
42.496560953230556 
42.71599967757964 
42.54694129179731 
42.473601441945895 
42.39836708882422 
42.85572200511232 
42.758362929731206 
41.54138478139767 
41.7545392843069 
42.46272698382534 
42.35757637201349 
42.55549552899858 
41.94759385311531 
42.09634278563095 
43.01065705359187 
42.40642185394572 
42.01531482459567 
42.406677706165816 
41.59885265189529 
42.58142322439748 
41.517268024174555 
41.57000204683051 
42.82478756861411 
42.34939788123144 
42.22013281752661 
42.29631657960513 
42.381360481144625 
42.7203281053078 
42.846507463621776 
42.55655855615772 
42.9058831906654 
42.86475609969033 
42.1096343801822 
41.934259063512265 
42.44008031233769 
42.10131202125174 
42.30347347996104 
42.52799685535321 
41.978979253262395 
42.57353535162844 
42.5933133701199 
42.29992065390064 
41.28262346213174 
42.12097595488238 
42.47159542632995 
42.10756492206431 
42.12832332940594 
42.0050812935814 
41.87961501481283 
42.74288115425038 
41.70697124467921 
43.10381976249352 
42.83601095828868 
43.09056482549048 
42.4656215320719 
42.1537681944045 
42.39938583022662 
42.40823734665269 
42.034172957932604 
41.723288438003586 
41.483495709899685 
41.8725178862523 
41.402249249379565 
42.047835086577024 
41.8795815206946 
41.41709756621537 
42.185072116016315 
41.88577420823002 
42.764846189462666 
42.1963304230797 
42.56670674253305 
42.27722387281025 
42.05655713977263 
42.58734667094219 
42.14940446419424 
41.930495681946574 
41.869089143321176 
42.29100828539935 
41.189681602625654 
41.71220319027912 
42.41072255819004 
41.41239940597057 
41.96927312007216 
41.88346174777263 
42.37709007318339 
42.529280539013726 
42.21187518044206 
42.4413580533837 
42.04858087541785 
42.1203755347912 
42.30142694993447 
42.69020158179851 
42.63915424399435 
43.072879175887365 
42.6640799107755 
42.30681129015343 
42.074028093202905 
42.73357948529897 
42.799919884293516 
42.74400132398096 
42.82176230470821 
44.129729953009154 
43.26873823471 
43.489889274687165 
43.05651563653432 
43.23692920825606 
43.517275083074175 
43.5292794406081 
44.450118352681926 
43.68685751862308 
43.39428715775096 
44.25114149911614 
44.127790860115454 
44.10863178238081 
44.869050689977115 
43.97485931395455 
44.17425377480526 
44.6043917858496 
44.32803555564932 
44.50943167635604 
44.24566327274951 
44.149434730841996 
44.108632817030106 
44.376748718183585 
44.18354758779709 
44.87481928646267 
44.87455360371795 
45.55143235596953 
45.44643541446344 
45.286289119272354 
45.284609071783585 
44.78108011546024 
44.96938863101196 
45.50195303142813 
44.940028172737705 
45.67046936643957 
45.198965719153996 
44.89603989757038 
46.05329892635899 
45.59923678533191 
45.832496839258205 
45.94762336246684 
46.038418592808675 
46.1842580195353 
46.105764091589336 
46.36326214150854 
46.12350046202894 
45.977213512186665 
46.20824912675463 
46.20495679424344 
46.64405839696819 
46.48968693020439 
46.331418437356156 
46.791765012035675 
46.715904118334365 
46.03982239719557 
46.24906341024169 
45.85722285327289 
46.016056747261366 
46.471059536144814 
46.167596890260896 
45.95764475603491 
46.10079790755894 
46.20605655929473 
45.90386508370488 
46.78069554690634 
46.736594965621684 
46.711513111745205 
46.79398987139354 
47.782482620957765 
47.47417359407742 
46.972240708347506 
47.10202808369358 
46.29980563841904 
45.7715449553216 
46.19133616043331 
46.1514378637275 
46.03385866704485 
46.06672420912242 
46.04181527882449 
46.110372711392756 
45.72562677589525 
45.74447071154876 
46.660091214665265 
47.36552772558567 
46.51438989455578 
47.250283500119785 
45.88421020085649 
46.296169775008956 
45.82424421673898 
46.54947506021934 
46.210489542844 
45.835573479414236 
46.321418300865886 
46.73116982767787 
48.459164349002975 
47.74503922386333 
47.31707053369531 
46.52390626202578 
47.02006719890633 
46.504627564541835 
47.29458319791328 
47.37469968353974 
47.50451568163981 
47.2726410611077 
46.45964698468137 
47.03019391469317 
46.4887498091501 
45.98226593469006 
46.139459337167544 
46.438611206328886 
46.377430207287766 
46.08537178726996 
46.675712441923636 
46.51518836280731 
47.26210072241818 
46.59526962942868 
47.357314509420796 
46.828058883216904 
46.640166209722516 
46.39428720365341 
46.31826822778872 
46.72821978904926 
45.73043405543705 
47.564876474741425 
46.71344084157798 
46.26769844698587 
46.29181519083686 
46.238368545570566 
46.11537471435263 
45.59154365506932 
46.15863505264185 
45.93215477026883 
46.40061383073115 
46.36116679266216 
46.48491657178274 
45.86593017077815 
46.1282431304459 
45.58934861378839 
46.92396376921024 
46.71404147725888 
46.69014236997518 
46.12821951853224 
46.02974799705196 
46.77805992239082 
46.958690545770004 
46.41809201298016 
46.53267296355748 
46.350799521837764 
46.626467501716604 
46.57968743592222 
46.767332150869684 
46.85898884260161 
47.11649249406665 
48.08252201386682 
48.91733852918388 
48.63463946095928 
48.64500978004639 
48.87864394605335 
48.428585898279415 
48.32475166330222 
48.60830345930458 
48.752872876147244 
48.10860160294125 
48.616708051932626 
47.72678792038633 
47.76471918351796 
47.3778748128208 
